travel_time,id,kind,action,origin,destination,start_time,reward,cost_table
4.8,41,AV,1,37,29,396,-3.513543658381134,"0,0,0,0"
2.8666666666666667,31,AV,1,27,6,452,-3.513543658381134,"0,0,0,0"
4.883333333333334,255,AV,1,93,57,1673,-3.513543658381134,"0,0,0,0"
2.05,206,AV,1,145,95,367,-3.5135436583811344,"0,0,0,0"
4.483333333333333,20,AV,3,15,15,614,-3.513543658381135,"0,0,0,0"
2.316666666666667,159,AV,1,115,57,456,-3.513543658381135,"0,0,0,0"
2.1666666666666665,249,AV,1,170,137,1797,-3.5135436583811344,"0,0,0,0"
1.2,132,AV,1,3,78,974,-3.513543658381135,"0,0,0,0"
1.8333333333333333,492,AV,1,193,2,1226,-3.513543658381135,"0,0,0,0"
4.583333333333333,120,AV,1,92,79,1081,-3.5135436583811344,"0,0,0,0"
2.783333333333333,230,AV,1,158,129,518,-3.5135436583811344,"0,0,0,0"
7.9,486,AV,1,28,147,34,-3.5135436583811344,"0,0,0,0"
2.7333333333333334,368,AV,1,58,181,118,-3.5135436583811344,"0,0,0,0"
3.966666666666667,136,AV,1,102,57,371,-3.5135436583811344,"0,0,0,0"
1.5,404,AV,1,240,60,802,-3.5135436583811344,"0,0,0,0"
1.6833333333333333,195,AV,1,97,74,1084,-3.513543658381135,"0,0,0,0"
5.733333333333333,88,AV,1,72,64,545,-3.5135436583811344,"0,0,0,0"
5.0,323,AV,1,85,165,688,-3.513543658381134,"0,0,0,0"
4.016666666666667,324,AV,0,208,166,1323,-3.5135436583811344,"0,0,0,0"
2.2333333333333334,512,AV,1,282,152,1042,-3.5135436583811344,"0,0,0,0"
2.183333333333333,398,AV,1,239,174,592,-3.513543658381135,"0,0,0,0"
1.85,383,AV,1,166,187,150,-3.513543658381135,"0,0,0,0"
3.216666666666667,61,AV,1,50,44,682,-3.513543658381135,"0,0,0,0"
1.3833333333333333,418,AV,1,186,66,509,-3.5135436583811344,"0,0,0,0"
2.2666666666666666,440,AV,1,256,60,454,-3.5135436583811344,"0,0,0,0"
2.783333333333333,87,AV,1,71,48,551,-3.5135436583811344,"0,0,0,0"
3.9166666666666665,519,AV,1,225,172,196,-3.5135436583811344,"0,0,0,0"
4.4,169,AV,1,58,2,101,-3.5135436583811344,"0,0,0,0"
1.9,58,AV,1,40,42,1336,-3.5135436583811344,"0,0,0,0"
4.933333333333334,313,AV,1,201,161,577,-3.513543658381134,"0,0,0,0"
5.816666666666666,13,AV,1,13,10,1617,-3.5135436583811344,"0,0,0,0"
3.066666666666667,504,AV,1,277,214,1001,-3.5135436583811344,"0,0,0,0"
1.8333333333333333,172,AV,1,126,49,1630,-3.5135436583811344,"0,0,0,0"
6.816666666666666,314,AV,1,202,144,226,-3.513543658381134,"0,0,0,0"
5.066666666666666,370,AV,1,234,185,231,-3.5135436583811344,"0,0,0,0"
3.7,496,AV,1,193,104,185,-3.5135436583811344,"0,0,0,0"
25.75,208,AV,1,146,118,1608,-3.5135436583811344,"0,0,0,0"
2.6666666666666665,220,AV,1,153,77,904,-3.513543658381135,"0,0,0,0"
5.6,520,AV,1,249,105,672,-3.513543658381135,"0,0,0,0"
1.0333333333333334,394,AV,1,184,161,373,-3.513543658381135,"0,0,0,0"
0.8166666666666667,109,AV,1,84,63,450,-3.513543658381135,"0,0,0,0"
1.3666666666666667,42,AV,1,38,22,1729,-3.513543658381135,"0,0,0,0"
2.3,330,AV,1,22,161,1546,-3.5135436583811344,"0,0,0,0"
0.8333333333333334,384,AV,1,184,0,787,-3.513543658381135,"0,0,0,0"
1.6166666666666667,462,AV,1,184,130,37,-3.513543658381135,"0,0,0,0"
1.75,349,AV,1,225,177,1028,-3.5135436583811344,"0,0,0,0"
2.35,137,AV,1,103,69,1800,-3.5135436583811344,"0,0,0,0"
1.1833333333333333,57,AV,1,43,41,736,-3.5135436583811344,"0,0,0,0"
1.7,391,AV,1,219,46,1052,-3.513543658381135,"0,0,0,0"
2.9,435,AV,1,254,95,1289,-3.513543658381135,"0,0,0,0"
1.9166666666666667,171,AV,1,125,105,904,-3.513543658381135,"0,0,0,0"
5.3,479,AV,1,263,139,17,-3.513543658381135,"0,0,0,0"
4.216666666666667,386,AV,1,240,71,1248,-3.513543658381135,"0,0,0,0"
1.6166666666666667,338,AV,1,217,173,740,-3.513543658381135,"0,0,0,0"
5.45,457,AV,1,260,172,370,-3.513543658381135,"0,0,0,0"
5.133333333333334,69,AV,1,58,50,133,-3.5135436583811344,"0,0,0,0"
2.533333333333333,453,AV,1,258,125,681,-3.513543658381135,"0,0,0,0"
3.3,318,AV,1,204,135,1687,-3.5135436583811344,"0,0,0,0"
2.1666666666666665,447,AV,1,206,36,1116,-3.5135436583811344,"0,0,0,0"
1.25,23,AV,1,21,18,492,-3.513543658381135,"0,0,0,0"
2.8833333333333333,199,AV,1,141,47,1603,-3.513543658381135,"0,0,0,0"
1.8666666666666667,301,AV,1,193,83,1250,-3.513543658381135,"0,0,0,0"
0.6666666666666666,246,AV,1,167,12,1351,-3.513543658381135,"0,0,0,0"
1.6666666666666667,379,AV,1,217,188,1434,-3.5135436583811344,"0,0,0,0"
4.3,214,AV,1,151,48,1453,-3.5135436583811344,"0,0,0,0"
0.9833333333333333,39,AV,1,35,2,188,-3.513543658381135,"0,0,0,0"
5.35,291,AV,1,58,155,832,-3.5135436583811344,"0,0,0,0"
1.3666666666666667,375,AV,1,47,181,1136,-3.513543658381135,"0,0,0,0"
0.8666666666666667,197,AV,1,140,95,76,-3.5135436583811344,"0,0,0,0"
1.1833333333333333,6,AV,1,6,5,43,-3.5135436583811344,"0,0,0,0"
5.383333333333334,500,AV,1,274,78,515,-3.513543658381135,"0,0,0,0"
1.9666666666666666,247,AV,2,168,57,1517,-3.5135436583811344,"0,0,0,0"
3.8,485,AV,1,268,78,489,-3.513543658381135,"0,0,0,0"
6.1,285,AV,1,185,152,289,-3.5135436583811344,"0,0,0,0"
2.4833333333333334,65,AV,1,54,3,786,-3.5135436583811344,"0,0,0,0"
2.7,257,AV,1,173,140,385,-3.5135436583811344,"0,0,0,0"
2.216666666666667,215,AV,1,98,45,424,-3.5135436583811344,"0,0,0,0"
1.55,377,AV,1,186,132,818,-3.5135436583811344,"0,0,0,0"
2.05,497,AV,1,272,71,563,-3.5135436583811344,"0,0,0,0"
2.7,273,AV,1,134,147,1074,-3.5135436583811344,"0,0,0,0"
2.95,425,AV,1,184,126,1771,-3.5135436583811344,"0,0,0,0"
4.116666666666666,93,AV,1,70,66,1298,-3.5135436583811344,"0,0,0,0"
4.683333333333334,261,AV,1,8,143,101,-3.5135436583811344,"0,0,0,0"
8.566666666666666,106,AV,1,82,58,1454,-3.513543658381134,"0,0,0,0"
2.5,444,AV,1,79,202,246,-3.513543658381134,"0,0,0,0"
3.716666666666667,312,AV,1,200,40,1079,-3.513543658381134,"0,0,0,0"
1.3666666666666667,397,AV,1,105,60,1252,-3.5135436583811344,"0,0,0,0"
0.8833333333333333,161,AV,1,117,2,1152,-3.513543658381135,"0,0,0,0"
4.033333333333333,372,AV,1,34,14,50,-3.5135436583811344,"0,0,0,0"
1.3333333333333333,495,AV,1,271,2,912,-3.5135436583811344,"0,0,0,0"
6.883333333333334,327,AV,1,210,148,1347,-3.5135436583811344,"0,0,0,0"
2.1333333333333333,475,AV,1,12,16,1006,-3.5135436583811344,"0,0,0,0"
3.3833333333333333,292,AV,1,190,31,106,-3.513543658381135,"0,0,0,0"
5.166666666666667,281,AV,1,182,31,293,-3.5135436583811344,"0,0,0,0"
1.5166666666666666,265,AV,1,134,57,1143,-3.5135436583811344,"0,0,0,0"
6.533333333333333,515,AV,1,186,177,503,-3.5135436583811344,"0,0,0,0"
1.2833333333333334,454,AV,1,227,108,646,-3.513543658381134,"0,0,0,0"
2.6166666666666667,362,AV,1,233,31,417,-3.513543658381135,"0,0,0,0"
2.066666666666667,160,AV,1,116,99,79,-3.513543658381135,"0,0,0,0"
5.266666666666667,193,AV,1,6,0,1652,-3.5135436583811344,"0,0,0,0"
4.366666666666666,147,AV,1,94,93,1443,-3.5135436583811344,"0,0,0,0"
2.8333333333333335,52,AV,1,46,36,846,-3.5135436583811344,"0,0,0,0"
3.683333333333333,170,AV,1,124,47,1775,-3.513543658381135,"0,0,0,0"
8.316666666666666,279,AV,1,82,143,126,-3.513543658381135,"0,0,0,0"
1.2,148,AV,1,49,83,1629,-3.513543658381135,"0,0,0,0"
1.7333333333333334,476,AV,1,262,208,1485,-3.5135436583811344,"0,0,0,0"
3.8,290,AV,1,189,2,1792,-3.5135436583811344,"0,0,0,0"
1.2333333333333334,358,AV,1,104,182,677,-3.5135436583811344,"0,0,0,0"
3.716666666666667,390,AV,1,184,155,1311,-3.513543658381135,"0,0,0,0"
4.25,428,AV,1,251,172,490,-3.5135436583811344,"0,0,0,0"
6.283333333333333,236,AV,1,162,31,319,-3.513543658381135,"0,0,0,0"
2.95,210,AV,1,148,120,184,-3.5135436583811344,"0,0,0,0"
1.2833333333333334,16,AV,1,6,12,399,-3.513543658381135,"0,0,0,0"
3.9,316,AV,1,203,57,1652,-3.513543658381135,"0,0,0,0"
2.033333333333333,203,AV,1,143,116,1578,-3.5135436583811344,"0,0,0,0"
3.966666666666667,113,AV,1,85,74,1398,-3.5135436583811344,"0,0,0,0"
5.3,311,AV,1,188,58,922,-3.513543658381135,"0,0,0,0"
3.783333333333333,130,AV,1,100,4,909,-3.5135436583811344,"0,0,0,0"
2.1166666666666667,227,AV,1,156,127,262,-3.513543658381134,"0,0,0,0"
3.3,163,AV,1,118,101,677,-3.513543658381135,"0,0,0,0"
5.65,221,AV,1,64,123,214,-3.5135436583811344,"0,0,0,0"
2.6666666666666665,179,AV,1,130,110,34,-3.513543658381135,"0,0,0,0"
3.55,400,AV,1,227,138,1438,-3.513543658381135,"0,0,0,0"
2.1,467,AV,1,241,207,671,-3.5135436583811344,"0,0,0,0"
4.8,177,AV,1,12,108,544,-3.513543658381135,"0,0,0,0"
1.9166666666666667,366,AV,1,143,47,35,-3.513543658381135,"0,0,0,0"
2.95,5,AV,1,5,4,1037,-3.513543658381134,"0,0,0,0"
3.55,344,AV,2,222,132,522,-3.513543658381135,"0,0,0,0"
1.5666666666666667,119,AV,1,91,78,240,-3.5135436583811344,"0,0,0,0"
6.6,54,AV,1,24,38,131,-3.5135436583811344,"0,0,0,0"
2.05,154,AV,1,113,2,272,-3.5135436583811344,"0,0,0,0"
3.8666666666666667,489,AV,1,193,71,508,-3.513543658381135,"0,0,0,0"
1.6,272,AV,1,178,57,1761,-3.513543658381135,"0,0,0,0"
2.566666666666667,333,AV,1,214,29,646,-3.5135436583811344,"0,0,0,0"
3.4,380,AV,1,238,14,690,-3.513543658381135,"0,0,0,0"
2.1666666666666665,155,AV,1,78,95,955,-3.513543658381135,"0,0,0,0"
0.6666666666666666,473,AV,1,254,132,1089,-3.5135436583811344,"0,0,0,0"
3.033333333333333,325,AV,3,209,29,167,-3.5135436583811344,"0,0,0,0"
5.983333333333333,445,AV,1,257,172,350,-3.513543658381135,"0,0,0,0"
1.4333333333333333,494,AV,1,271,2,1614,-3.513543658381135,"0,0,0,0"
6.333333333333333,337,AV,1,121,172,1382,-3.513543658381135,"0,0,0,0"
2.0,303,AV,1,195,158,1593,-3.513543658381135,"0,0,0,0"
3.1333333333333333,10,AV,1,10,2,142,-3.513543658381135,"0,0,0,0"
3.5166666666666666,63,AV,1,52,46,640,-3.513543658381135,"0,0,0,0"
1.3166666666666667,198,AV,1,47,115,1638,-3.5135436583811344,"0,0,0,0"
4.116666666666666,144,AV,1,107,92,1526,-3.513543658381135,"0,0,0,0"
3.1,278,AV,1,169,149,72,-3.513543658381135,"0,0,0,0"
4.6,490,AV,1,262,71,1301,-3.5135436583811344,"0,0,0,0"
1.8833333333333333,164,AV,1,119,102,1749,-3.5135436583811344,"0,0,0,0"
7.783333333333333,212,AV,1,94,31,100,-3.5135436583811344,"0,0,0,0"
1.3,470,AV,1,245,161,1427,-3.5135436583811344,"0,0,0,0"
1.25,415,AV,1,186,178,1261,-3.513543658381135,"0,0,0,0"
5.533333333333333,256,AV,1,42,122,159,-3.513543658381135,"0,0,0,0"
2.566666666666667,339,AV,1,218,30,1340,-3.5135436583811344,"0,0,0,0"
1.5,402,AV,1,202,0,983,-3.5135436583811344,"0,0,0,0"
1.8666666666666667,381,AV,1,150,189,1347,-3.513543658381135,"0,0,0,0"
4.433333333333334,240,AV,1,39,47,387,-3.5135436583811344,"0,0,0,0"
3.816666666666667,299,AV,1,192,134,1345,-3.5135436583811344,"0,0,0,0"
1.1666666666666667,405,AV,1,1,161,1024,-3.5135436583811344,"0,0,0,0"
3.05,232,AV,1,84,126,473,-3.513543658381135,"0,0,0,0"
2.1,248,AV,1,169,136,1137,-3.513543658381135,"0,0,0,0"
1.3333333333333333,518,AV,1,223,71,379,-3.513543658381135,"0,0,0,0"
4.683333333333334,329,AV,1,212,52,248,-3.5135436583811344,"0,0,0,0"
1.3833333333333333,185,AV,1,133,65,551,-3.5135436583811344,"0,0,0,0"
3.3666666666666667,216,AV,1,98,4,789,-3.5135436583811344,"0,0,0,0"
4.7,173,AV,1,127,106,1015,-3.513543658381135,"0,0,0,0"
1.2333333333333334,152,AV,0,111,27,1399,-3.513543658381135,"0,0,0,0"
25.0,80,AV,1,65,59,1538,-3.513543658381135,"0,0,0,0"
3.3833333333333333,126,AV,1,43,85,78,-3.5135436583811344,"0,0,0,0"
1.4,229,AV,1,143,63,1435,-3.513543658381135,"0,0,0,0"
1.9,81,AV,1,66,60,278,-3.513543658381135,"0,0,0,0"
2.3333333333333335,410,AV,1,9,8,1151,-3.513543658381134,"0,0,0,0"
1.6333333333333333,123,AV,1,95,82,176,-3.5135436583811344,"0,0,0,0"
2.75,129,AV,1,99,87,354,-3.5135436583811344,"0,0,0,0"
2.966666666666667,149,AV,1,8,37,694,-3.5135436583811344,"0,0,0,0"
1.7166666666666666,365,AV,1,185,47,1358,-3.513543658381135,"0,0,0,0"
2.3333333333333335,202,AV,1,7,30,378,-3.513543658381134,"0,0,0,0"
2.4166666666666665,452,AV,1,32,108,1602,-3.5135436583811344,"0,0,0,0"
1.65,409,AV,3,65,30,374,-3.5135436583811344,"0,0,0,0"
1.9833333333333334,461,AV,1,105,148,89,-3.5135436583811344,"0,0,0,0"
3.533333333333333,209,AV,1,147,119,1473,-3.5135436583811344,"0,0,0,0"
4.05,70,AV,1,59,51,895,-3.5135436583811344,"0,0,0,0"
5.116666666666666,134,AV,1,94,89,268,-3.5135436583811344,"0,0,0,0"
2.4,226,AV,1,55,126,489,-3.5135436583811344,"0,0,0,0"
3.033333333333333,166,AV,1,121,104,98,-3.513543658381135,"0,0,0,0"
2.933333333333333,280,AV,1,181,150,469,-3.513543658381135,"0,0,0,0"
5.05,121,AV,1,93,80,721,-3.513543658381135,"0,0,0,0"
2.4833333333333334,237,AV,1,26,125,1789,-3.5135436583811344,"0,0,0,0"
2.95,9,AV,1,9,8,1688,-3.5135436583811344,"0,0,0,0"
2.9833333333333334,429,AV,1,242,197,1059,-3.5135436583811344,"0,0,0,0"
4.9,89,AV,1,73,2,1520,-3.513543658381134,"0,0,0,0"
1.7333333333333334,217,AV,1,125,121,914,-3.513543658381134,"0,0,0,0"
3.45,32,AV,1,28,23,220,-3.513543658381134,"0,0,0,0"
3.55,37,AV,1,33,27,1161,-3.5135436583811344,"0,0,0,0"
3.183333333333333,449,AV,1,74,200,821,-3.513543658381135,"0,0,0,0"
3.35,238,AV,1,26,132,491,-3.513543658381135,"0,0,0,0"
1.0166666666666666,92,AV,1,76,12,1624,-3.513543658381135,"0,0,0,0"
1.4,407,AV,1,243,0,1389,-3.513543658381135,"0,0,0,0"
2.566666666666667,75,AV,1,63,52,1410,-3.5135436583811344,"0,0,0,0"
1.2166666666666666,8,AV,1,8,7,1630,-3.513543658381135,"0,0,0,0"
3.35,474,AV,1,117,141,397,-3.513543658381135,"0,0,0,0"
3.2333333333333334,235,AV,1,161,131,810,-3.5135436583811344,"0,0,0,0"
1.2666666666666666,392,AV,1,188,132,1268,-3.513543658381135,"0,0,0,0"
1.8666666666666667,403,AV,1,243,60,323,-3.513543658381135,"0,0,0,0"
1.6,361,AV,1,232,183,1523,-3.513543658381135,"0,0,0,0"
4.916666666666667,284,AV,1,184,151,732,-3.513543658381135,"0,0,0,0"
2.7,140,AV,1,105,90,871,-3.513543658381135,"0,0,0,0"
5.316666666666666,38,AV,1,34,28,1238,-3.5135436583811344,"0,0,0,0"
1.55,205,AV,1,23,63,697,-3.513543658381135,"0,0,0,0"
1.25,413,AV,1,246,66,387,-3.513543658381135,"0,0,0,0"
3.75,86,AV,3,70,3,1278,-3.513543658381135,"0,0,0,0"
2.1,49,AV,1,38,33,239,-3.513543658381135,"0,0,0,0"
4.6,345,AV,3,184,175,1782,-3.513543658381135,"0,0,0,0"
1.2833333333333334,427,AV,1,47,64,1399,-3.513543658381135,"0,0,0,0"
7.1,56,AV,1,9,40,518,-3.5135436583811344,"0,0,0,0"
6.083333333333333,505,AV,0,263,215,112,-3.5135436583811344,"0,0,0,0"
1.5,43,AV,1,38,14,701,-3.5135436583811344,"0,0,0,0"
5.766666666666667,117,AV,1,89,76,353,-3.5135436583811344,"0,0,0,0"
2.4833333333333334,116,AV,1,88,74,1177,-3.513543658381135,"0,0,0,0"
2.066666666666667,499,AV,1,273,213,56,-3.513543658381135,"0,0,0,0"
3.4,268,AV,1,3,145,1417,-3.5135436583811344,"0,0,0,0"
1.8833333333333333,71,AV,1,60,52,1150,-3.5135436583811344,"0,0,0,0"
3.9166666666666665,222,AV,1,46,119,307,-3.513543658381134,"0,0,0,0"
1.1166666666666667,98,AV,1,79,3,1797,-3.5135436583811344,"0,0,0,0"
3.55,502,AV,1,197,175,1178,-3.5135436583811344,"0,0,0,0"
2.7,369,AV,1,216,47,374,-3.513543658381135,"0,0,0,0"
2.8333333333333335,192,AV,1,93,28,1593,-3.5135436583811344,"0,0,0,0"
0.9,469,AV,1,105,132,1292,-3.5135436583811344,"0,0,0,0"
4.383333333333334,342,AV,1,220,174,846,-3.5135436583811344,"0,0,0,0"
5.7,414,AV,1,247,192,827,-3.513543658381135,"0,0,0,0"
5.15,406,AV,1,244,191,401,-3.5135436583811344,"0,0,0,0"
4.283333333333333,270,AV,1,6,10,864,-3.513543658381135,"0,0,0,0"
2.466666666666667,389,AV,1,241,190,1171,-3.5135436583811344,"0,0,0,0"
6.766666666666667,277,AV,1,180,14,112,-3.5135436583811344,"0,0,0,0"
5.216666666666667,47,AV,1,42,31,1066,-3.513543658381135,"0,0,0,0"
1.1,83,AV,1,68,62,1301,-3.513543658381135,"0,0,0,0"
1.8166666666666667,184,AV,1,135,52,193,-3.513543658381135,"0,0,0,0"
3.066666666666667,188,AV,1,137,48,502,-3.5135436583811344,"0,0,0,0"
3.933333333333333,251,AV,1,171,138,503,-3.5135436583811344,"0,0,0,0"
19.966666666666665,68,AV,1,57,13,1625,-3.5135436583811344,"0,0,0,0"
1.4666666666666666,138,AV,2,104,3,1151,-3.5135436583811344,"0,0,0,0"
3.0,228,AV,1,157,128,789,-3.5135436583811344,"0,0,0,0"
3.1666666666666665,153,AV,1,112,94,259,-3.513543658381134,"0,0,0,0"
1.6333333333333333,64,AV,1,53,47,1107,-3.513543658381135,"0,0,0,0"
1.5166666666666666,141,AV,1,86,33,391,-3.513543658381134,"0,0,0,0"
7.0,1,AV,1,1,1,566,-3.5135436583811344,"0,0,0,0"
1.6666666666666667,399,AV,1,234,132,1492,-3.513543658381135,"0,0,0,0"
5.516666666666667,439,AV,1,26,198,1644,-3.513543658381135,"0,0,0,0"
1.3833333333333333,459,AV,1,261,110,659,-3.513543658381135,"0,0,0,0"
2.466666666666667,289,AV,1,188,154,225,-3.513543658381135,"0,0,0,0"
5.616666666666666,26,AV,1,24,2,1667,-3.5135436583811344,"0,0,0,0"
2.4833333333333334,233,AV,1,159,126,1477,-3.5135436583811344,"0,0,0,0"
2.533333333333333,293,AV,1,169,83,710,-3.5135436583811344,"0,0,0,0"
5.516666666666667,286,AV,1,54,153,571,-3.513543658381134,"0,0,0,0"
0.7833333333333333,455,AV,1,259,132,794,-3.5135436583811344,"0,0,0,0"
1.8666666666666667,66,AV,1,55,48,642,-3.5135436583811344,"0,0,0,0"
3.6,241,AV,1,65,41,1057,-3.5135436583811344,"0,0,0,0"
3.7666666666666666,269,AV,1,46,10,1646,-3.513543658381135,"0,0,0,0"
2.7333333333333334,190,AV,1,30,60,575,-3.513543658381135,"0,0,0,0"
3.683333333333333,434,AV,1,237,0,358,-3.5135436583811344,"0,0,0,0"
1.85,104,AV,1,81,71,1489,-3.513543658381135,"0,0,0,0"
5.683333333333334,234,AV,1,160,130,104,-3.513543658381135,"0,0,0,0"
1.4,142,AV,1,8,91,1291,-3.5135436583811344,"0,0,0,0"
5.116666666666666,283,AV,1,183,83,340,-3.513543658381135,"0,0,0,0"
4.216666666666667,131,AV,1,101,3,305,-3.513543658381135,"0,0,0,0"
4.133333333333334,67,AV,1,56,49,757,-3.513543658381135,"0,0,0,0"
4.666666666666667,51,AV,1,45,35,1117,-3.5135436583811344,"0,0,0,0"
1.35,168,AV,1,123,83,1602,-3.5135436583811344,"0,0,0,0"
4.9,423,AV,1,186,97,115,-3.513543658381135,"0,0,0,0"
2.6166666666666667,156,AV,1,114,96,1060,-3.5135436583811344,"0,0,0,0"
2.4166666666666665,322,AV,1,207,164,21,-3.5135436583811344,"0,0,0,0"
5.533333333333333,408,AV,1,245,54,273,-3.513543658381135,"0,0,0,0"
3.3333333333333335,446,AV,1,52,203,1764,-3.513543658381135,"0,0,0,0"
3.466666666666667,309,AV,1,199,71,1282,-3.513543658381134,"0,0,0,0"
2.4166666666666665,501,AV,1,275,1,1146,-3.5135436583811344,"0,0,0,0"
2.5833333333333335,143,AV,1,106,2,1117,-3.513543658381135,"0,0,0,0"
2.95,245,AV,1,166,135,110,-3.513543658381135,"0,0,0,0"
6.283333333333333,55,AV,1,48,39,1762,-3.5135436583811344,"0,0,0,0"
3.1166666666666667,263,AV,1,22,138,1308,-3.5135436583811344,"0,0,0,0"
20.616666666666667,376,AV,1,143,187,1567,-3.513543658381135,"0,0,0,0"
2.65,158,AV,1,42,98,1528,-3.513543658381135,"0,0,0,0"
1.1,388,AV,1,227,0,810,-3.5135436583811344,"0,0,0,0"
3.1333333333333333,224,AV,1,155,125,1537,-3.513543658381135,"0,0,0,0"
1.6833333333333333,133,AV,1,46,88,29,-3.513543658381135,"0,0,0,0"
1.9833333333333334,296,AV,1,164,96,1311,-3.513543658381135,"0,0,0,0"
4.95,315,AV,1,26,54,428,-3.5135436583811344,"0,0,0,0"
2.8833333333333333,294,AV,1,23,82,819,-3.5135436583811344,"0,0,0,0"
4.416666666666667,258,AV,1,123,141,269,-3.5135436583811344,"0,0,0,0"
3.55,33,AV,1,29,24,175,-3.5135436583811344,"0,0,0,0"
6.083333333333333,351,AV,1,227,179,883,-3.513543658381135,"0,0,0,0"
2.15,18,AV,1,17,3,950,-3.5135436583811344,"0,0,0,0"
2.566666666666667,514,AV,1,39,40,1686,-3.5135436583811344,"0,0,0,0"
0.7833333333333333,259,AV,1,114,142,1009,-3.5135436583811344,"0,0,0,0"
3.05,437,AV,1,214,110,94,-3.5135436583811344,"0,0,0,0"
0.7166666666666667,181,AV,1,132,112,1756,-3.513543658381135,"0,0,0,0"
0.8833333333333333,356,AV,1,148,125,1758,-3.5135436583811344,"0,0,0,0"
1.4,125,AV,1,97,84,908,-3.513543658381135,"0,0,0,0"
1.9666666666666666,12,AV,1,12,2,1545,-3.513543658381135,"0,0,0,0"
2.183333333333333,45,AV,1,40,3,122,-3.5135436583811344,"0,0,0,0"
2.6,115,AV,1,87,75,817,-3.513543658381134,"0,0,0,0"
1.3,420,AV,1,186,66,664,-3.513543658381135,"0,0,0,0"
7.416666666666667,509,AV,1,280,172,132,-3.513543658381135,"0,0,0,0"
2.8666666666666667,522,AV,1,284,125,238,-3.513543658381135,"0,0,0,0"
2.2666666666666666,353,AV,0,156,125,1090,-3.5135436583811344,"0,0,0,0"
3.5166666666666666,359,AV,1,24,132,767,-3.5135436583811344,"0,0,0,0"
3.9,11,AV,1,11,9,1149,-3.513543658381134,"0,0,0,0"
4.45,477,AV,1,117,71,1152,-3.513543658381135,"0,0,0,0"
2.566666666666667,426,AV,1,132,31,719,-3.513543658381134,"0,0,0,0"
2.816666666666667,511,AV,1,80,152,284,-3.5135436583811344,"0,0,0,0"
2.1333333333333333,157,AV,1,103,97,460,-3.5135436583811344,"0,0,0,0"
1.1,357,AV,1,24,181,297,-3.513543658381135,"0,0,0,0"
3.65,22,AV,1,20,17,112,-3.513543658381135,"0,0,0,0"
2.95,483,AV,1,266,10,1425,-3.5135436583811344,"0,0,0,0"
0.9333333333333333,481,AV,1,204,210,1249,-3.513543658381134,"0,0,0,0"
1.2833333333333334,99,AV,1,59,42,1702,-3.5135436583811344,"0,0,0,0"
1.6833333333333333,306,AV,1,198,1,816,-3.5135436583811344,"0,0,0,0"
8.2,335,AV,1,215,170,242,-3.5135436583811344,"0,0,0,0"
2.8666666666666667,430,AV,1,98,4,940,-3.5135436583811344,"0,0,0,0"
2.2,295,AV,1,191,126,1430,-3.5135436583811344,"0,0,0,0"
3.65,176,AV,1,23,83,1612,-3.513543658381134,"0,0,0,0"
2.4,102,AV,1,38,52,492,-3.513543658381134,"0,0,0,0"
1.8833333333333333,385,AV,1,239,132,1687,-3.513543658381134,"0,0,0,0"
2.6666666666666665,297,AV,1,138,147,39,-3.5135436583811344,"0,0,0,0"
3.6166666666666667,432,AV,1,253,198,67,-3.5135436583811344,"0,0,0,0"
3.3333333333333335,331,AV,0,213,169,1034,-3.513543658381135,"0,0,0,0"
2.5,50,AV,1,44,34,1055,-3.513543658381135,"0,0,0,0"
3.0,320,AV,3,206,144,1521,-3.5135436583811344,"0,0,0,0"
2.183333333333333,231,AV,1,23,95,333,-3.513543658381134,"0,0,0,0"
6.683333333333334,275,AV,1,124,31,244,-3.513543658381135,"0,0,0,0"
1.65,218,AV,1,152,57,1792,-3.513543658381135,"0,0,0,0"
1.2333333333333334,207,AV,1,29,96,1204,-3.513543658381135,"0,0,0,0"
0.65,468,AV,1,234,6,928,-3.5135436583811344,"0,0,0,0"
4.466666666666667,62,AV,1,51,45,520,-3.5135436583811344,"0,0,0,0"
2.3666666666666667,97,AV,1,78,47,1551,-3.5135436583811344,"0,0,0,0"
3.216666666666667,225,AV,1,6,36,1026,-3.513543658381135,"0,0,0,0"
3.283333333333333,302,AV,1,194,157,700,-3.513543658381135,"0,0,0,0"
7.95,498,AV,1,245,212,613,-3.5135436583811344,"0,0,0,0"
2.6666666666666665,354,AV,1,229,108,409,-3.513543658381135,"0,0,0,0"
1.25,189,AV,1,138,113,808,-3.513543658381135,"0,0,0,0"
3.8,482,AV,1,265,152,795,-3.513543658381135,"0,0,0,0"
3.1166666666666667,298,AV,1,52,156,893,-3.5135436583811344,"0,0,0,0"
2.1,412,AV,1,219,85,381,-3.513543658381135,"0,0,0,0"
2.466666666666667,21,AV,1,19,16,339,-3.5135436583811344,"0,0,0,0"
5.5,341,AV,1,210,110,1753,-3.513543658381135,"0,0,0,0"
3.3833333333333333,53,AV,1,47,37,1746,-3.513543658381135,"0,0,0,0"
5.133333333333334,223,AV,0,154,124,766,-3.513543658381135,"0,0,0,0"
1.2833333333333334,175,AV,1,77,107,1539,-3.5135436583811344,"0,0,0,0"
3.1333333333333333,244,AV,1,165,134,21,-3.513543658381135,"0,0,0,0"
3.283333333333333,78,AV,1,46,57,1152,-3.513543658381135,"0,0,0,0"
2.35,319,AV,1,205,162,1755,-3.5135436583811344,"0,0,0,0"
22.966666666666665,411,AV,1,1,3,1504,-3.5135436583811344,"0,0,0,0"
5.966666666666667,0,AV,1,0,0,590,-3.5135436583811344,"0,0,0,0"
1.0666666666666667,516,AV,1,151,139,624,-3.513543658381135,"0,0,0,0"
2.6166666666666667,436,AV,1,255,199,1382,-3.513543658381135,"0,0,0,0"
18.633333333333333,364,AV,1,79,31,1733,-3.5135436583811344,"0,0,0,0"
3.2666666666666666,332,AV,1,158,126,278,-3.5135436583811344,"0,0,0,0"
1.9166666666666667,30,AV,1,26,22,1252,-3.5135436583811344,"0,0,0,0"
1.1666666666666667,124,AV,1,96,83,8,-3.5135436583811344,"0,0,0,0"
4.516666666666667,431,AV,1,252,172,211,-3.513543658381134,"0,0,0,0"
2.6666666666666665,288,AV,1,187,147,1241,-3.513543658381135,"0,0,0,0"
4.933333333333334,510,AV,1,281,66,263,-3.513543658381135,"0,0,0,0"
1.3333333333333333,419,AV,1,188,194,764,-3.5135436583811344,"0,0,0,0"
5.083333333333333,521,AV,1,184,135,241,-3.513543658381134,"0,0,0,0"
4.166666666666667,363,AV,1,58,49,356,-3.513543658381135,"0,0,0,0"
2.8666666666666667,34,AV,1,30,25,1140,-3.5135436583811344,"0,0,0,0"
1.4,146,AV,3,108,27,1575,-3.5135436583811344,"0,0,0,0"
1.4333333333333333,201,AV,1,115,33,350,-3.513543658381134,"0,0,0,0"
1.15,466,AV,1,54,66,87,-3.5135436583811344,"0,0,0,0"
4.166666666666667,95,AV,1,72,68,1220,-3.513543658381134,"0,0,0,0"
3.683333333333333,243,AV,1,164,127,1242,-3.5135436583811344,"0,0,0,0"
3.8333333333333335,378,AV,1,91,10,1232,-3.5135436583811344,"0,0,0,0"
1.9333333333333333,438,AV,1,211,108,1032,-3.5135436583811344,"0,0,0,0"
0.7166666666666667,91,AV,1,75,65,325,-3.513543658381135,"0,0,0,0"
2.0,19,AV,1,18,14,1199,-3.5135436583811344,"0,0,0,0"
1.6833333333333333,191,AV,1,139,33,1105,-3.5135436583811344,"0,0,0,0"
2.6333333333333333,112,AV,1,23,14,431,-3.513543658381135,"0,0,0,0"
5.25,274,AV,1,174,148,1396,-3.5135436583811344,"0,0,0,0"
4.183333333333334,506,AV,1,278,216,370,-3.5135436583811344,"0,0,0,0"
18.816666666666666,7,AV,1,7,6,1700,-3.5135436583811344,"0,0,0,0"
3.55,508,AV,1,23,4,1455,-3.5135436583811344,"0,0,0,0"
4.416666666666667,373,AV,1,236,31,1360,-3.513543658381135,"0,0,0,0"
2.9833333333333334,77,AV,1,61,56,1281,-3.5135436583811344,"0,0,0,0"
0.95,187,AV,1,136,100,49,-3.513543658381135,"0,0,0,0"
1.7666666666666666,96,AV,1,38,69,804,-3.513543658381135,"0,0,0,0"
2.75,450,AV,1,33,60,186,-3.513543658381135,"0,0,0,0"
2.283333333333333,101,AV,1,30,34,761,-3.513543658381135,"0,0,0,0"
0.7833333333333333,127,AV,1,76,86,255,-3.513543658381135,"0,0,0,0"
1.2166666666666666,484,AV,1,267,2,1777,-3.5135436583811344,"0,0,0,0"
1.3333333333333333,282,AV,1,101,116,214,-3.5135436583811344,"0,0,0,0"
3.183333333333333,503,AV,1,276,27,821,-3.5135436583811344,"0,0,0,0"
3.066666666666667,264,AV,1,175,47,1316,-3.513543658381134,"0,0,0,0"
1.2666666666666666,421,AV,1,248,193,1697,-3.5135436583811344,"0,0,0,0"
3.183333333333333,480,AV,1,264,40,1021,-3.513543658381135,"0,0,0,0"
3.0,471,AV,1,217,125,139,-3.513543658381135,"0,0,0,0"
5.433333333333334,242,AV,3,163,133,1379,-3.5135436583811344,"0,0,0,0"
2.466666666666667,463,AV,1,54,57,77,-3.513543658381134,"0,0,0,0"
2.5166666666666666,271,AV,1,177,146,994,-3.513543658381134,"0,0,0,0"
3.283333333333333,60,AV,1,49,34,562,-3.5135436583811344,"0,0,0,0"
5.066666666666666,180,AV,1,131,111,1317,-3.513543658381135,"0,0,0,0"
8.683333333333334,84,AV,1,69,63,588,-3.513543658381135,"0,0,0,0"
4.316666666666666,488,AV,1,269,2,1729,-3.5135436583811344,"0,0,0,0"
2.5166666666666666,321,AV,1,204,163,334,-3.5135436583811344,"0,0,0,0"
4.466666666666667,266,AV,1,176,4,490,-3.5135436583811344,"0,0,0,0"
1.3833333333333333,396,AV,1,234,178,1077,-3.5135436583811344,"0,0,0,0"
4.283333333333333,478,AV,1,39,209,223,-3.5135436583811344,"0,0,0,0"
6.283333333333333,59,AV,0,19,43,136,-3.5135436583811344,"0,0,0,0"
4.483333333333333,472,AV,1,23,176,1788,-3.513543658381134,"0,0,0,0"
1.9833333333333334,27,AV,1,15,14,736,-3.513543658381135,"0,0,0,0"
1.25,128,AV,0,98,3,855,-3.513543658381135,"0,0,0,0"
3.0,441,AV,1,89,200,1425,-3.513543658381135,"0,0,0,0"
1.9,451,AV,1,240,18,1050,-3.5135436583811344,"0,0,0,0"
1.8833333333333333,507,AV,1,279,71,1499,-3.5135436583811344,"0,0,0,0"
3.3666666666666667,213,AV,1,150,95,287,-3.5135436583811344,"0,0,0,0"
3.8666666666666667,174,AV,1,128,83,698,-3.513543658381134,"0,0,0,0"
2.5833333333333335,458,AV,1,188,57,251,-3.5135436583811344,"0,0,0,0"
3.8666666666666667,304,AV,1,196,159,1312,-3.5135436583811344,"0,0,0,0"
7.733333333333333,122,AV,1,94,81,402,-3.513543658381135,"0,0,0,0"
0.7,517,AV,1,39,217,1224,-3.5135436583811344,"0,0,0,0"
4.933333333333334,2,AV,1,2,2,574,-3.513543658381135,"0,0,0,0"
3.466666666666667,150,AV,1,109,1,756,-3.513543658381135,"0,0,0,0"
5.0,442,AV,1,159,172,795,-3.5135436583811344,"0,0,0,0"
2.9166666666666665,165,AV,1,120,103,1778,-3.5135436583811344,"0,0,0,0"
5.116666666666666,352,AV,1,228,180,1215,-3.513543658381135,"0,0,0,0"
19.416666666666668,350,AV,1,226,178,1742,-3.5135436583811344,"0,0,0,0"
1.1666666666666667,416,AV,1,248,193,1545,-3.513543658381135,"0,0,0,0"
1.3,308,AV,1,109,27,529,-3.513543658381135,"0,0,0,0"
1.7666666666666666,79,AV,1,64,58,969,-3.513543658381135,"0,0,0,0"
6.0,287,AV,1,186,5,447,-3.513543658381134,"0,0,0,0"
2.2666666666666666,346,AV,1,223,57,144,-3.5135436583811344,"0,0,0,0"
24.45,317,AV,1,117,132,1390,-3.513543658381134,"0,0,0,0"
1.35,200,AV,1,142,83,1784,-3.5135436583811344,"0,0,0,0"
1.3833333333333333,194,AV,1,87,83,184,-3.5135436583811344,"0,0,0,0"
1.95,371,AV,1,235,186,1556,-3.513543658381135,"0,0,0,0"
1.1166666666666667,367,AV,1,22,184,876,-3.5135436583811344,"0,0,0,0"
4.633333333333334,252,AV,1,38,139,571,-3.513543658381135,"0,0,0,0"
2.9,326,AV,1,165,167,1367,-3.513543658381135,"0,0,0,0"
0.8833333333333333,186,AV,1,120,42,1451,-3.513543658381135,"0,0,0,0"
3.5,103,AV,1,80,70,1059,-3.5135436583811344,"0,0,0,0"
4.166666666666667,118,AV,1,90,77,682,-3.5135436583811344,"0,0,0,0"
23.65,433,AV,1,245,1,1706,-3.513543658381135,"0,0,0,0"
5.15,267,AV,1,134,144,1195,-3.513543658381135,"0,0,0,0"
1.2666666666666666,114,AV,1,86,5,1751,-3.5135436583811344,"0,0,0,0"
1.7666666666666666,310,AV,1,116,135,249,-3.5135436583811344,"0,0,0,0"
1.0166666666666666,24,AV,1,22,19,1392,-3.513543658381135,"0,0,0,0"
5.233333333333333,219,AV,1,100,122,8,-3.5135436583811344,"0,0,0,0"
2.1666666666666665,382,AV,1,235,161,109,-3.5135436583811344,"0,0,0,0"
3.2666666666666666,305,AV,1,197,16,87,-3.5135436583811344,"0,0,0,0"
5.616666666666666,328,AV,1,211,168,706,-3.513543658381135,"0,0,0,0"
2.533333333333333,85,AV,1,31,18,441,-3.5135436583811344,"0,0,0,0"
4.75,424,AV,1,82,196,1296,-3.5135436583811344,"0,0,0,0"
2.4,17,AV,1,16,13,350,-3.513543658381135,"0,0,0,0"
3.1,76,AV,1,30,55,972,-3.513543658381135,"0,0,0,0"
1.6333333333333333,460,AV,1,7,204,1559,-3.5135436583811344,"0,0,0,0"
4.65,262,AV,1,89,54,960,-3.5135436583811344,"0,0,0,0"
1.3,48,AV,1,43,32,490,-3.513543658381135,"0,0,0,0"
0.9666666666666667,401,AV,1,1,60,521,-3.513543658381135,"0,0,0,0"
1.7833333333333334,72,AV,1,61,53,2,-3.513543658381135,"0,0,0,0"
4.516666666666667,448,AV,1,217,47,476,-3.513543658381135,"0,0,0,0"
4.3,4,AV,1,4,3,1243,-3.513543658381135,"0,0,0,0"
1.3333333333333333,107,AV,1,36,27,940,-3.513543658381135,"0,0,0,0"
2.3666666666666667,167,AV,1,122,33,1259,-3.513543658381135,"0,0,0,0"
1.4,456,AV,1,184,193,1694,-3.5135436583811344,"0,0,0,0"
2.9,336,AV,1,216,171,1290,-3.5135436583811344,"0,0,0,0"
4.416666666666667,44,AV,1,39,30,694,-3.5135436583811344,"0,0,0,0"
1.9333333333333333,28,AV,1,6,14,1792,-3.5135436583811344,"0,0,0,0"
2.1333333333333333,239,AV,1,23,57,1675,-3.513543658381135,"0,0,0,0"
5.866666666666666,443,AV,1,159,201,383,-3.513543658381135,"0,0,0,0"
1.9833333333333334,108,AV,1,83,48,1153,-3.513543658381135,"0,0,0,0"
2.8333333333333335,151,AV,1,110,65,654,-3.513543658381135,"0,0,0,0"
6.0,348,AV,1,224,176,272,-3.513543658381135,"0,0,0,0"
0.9333333333333333,395,AV,1,242,0,317,-3.513543658381135,"0,0,0,0"
23.4,196,AV,1,1,114,1501,-3.513543658381135,"0,0,0,0"
1.3,387,AV,1,1,132,6,-3.513543658381134,"0,0,0,0"
4.233333333333333,35,AV,1,31,26,308,-3.5135436583811344,"0,0,0,0"
2.6166666666666667,178,AV,1,129,109,965,-3.5135436583811344,"0,0,0,0"
0.9666666666666667,465,AV,1,184,206,748,-3.513543658381135,"0,0,0,0"
5.866666666666666,343,AV,1,221,30,577,-3.5135436583811344,"0,0,0,0"
18.816666666666666,211,AV,1,149,31,1726,-3.5135436583811344,"0,0,0,0"
2.05,162,AV,1,97,100,1750,-3.5135436583811344,"0,0,0,0"
1.6166666666666667,487,AV,1,193,211,1341,-3.5135436583811344,"0,0,0,0"
5.5,340,AV,1,219,5,116,-3.513543658381135,"0,0,0,0"
3.0,374,AV,1,237,31,314,-3.5135436583811344,"0,0,0,0"
4.633333333333334,15,AV,1,15,4,601,-3.513543658381135,"0,0,0,0"
3.2333333333333334,513,AV,1,283,10,755,-3.5135436583811344,"0,0,0,0"
1.6166666666666667,36,AV,1,32,3,1776,-3.513543658381135,"0,0,0,0"
1.3166666666666667,135,AV,1,18,27,656,-3.513543658381135,"0,0,0,0"
5.516666666666667,183,AV,1,134,78,172,-3.513543658381135,"0,0,0,0"
2.15,111,AV,1,64,37,763,-3.513543658381135,"0,0,0,0"
2.6166666666666667,46,AV,1,41,27,1311,-3.5135436583811344,"0,0,0,0"
0.95,360,AV,1,231,3,1197,-3.5135436583811344,"0,0,0,0"
4.416666666666667,74,AV,1,62,54,211,-3.513543658381135,"0,0,0,0"
2.066666666666667,82,AV,1,67,61,101,-3.513543658381135,"0,0,0,0"
3.7333333333333334,204,AV,1,144,117,1242,-3.5135436583811344,"0,0,0,0"
4.116666666666666,73,AV,1,29,22,51,-3.5135436583811344,"0,0,0,0"
8.25,355,AV,1,230,60,1570,-3.513543658381135,"0,0,0,0"
1.0833333333333333,110,AV,1,79,73,1350,-3.513543658381134,"0,0,0,0"
3.2333333333333334,3,AV,1,3,3,653,-3.513543658381134,"0,0,0,0"
4.333333333333333,25,AV,1,23,20,531,-3.5135436583811344,"0,0,0,0"
1.95,250,AV,1,76,57,1255,-3.513543658381135,"0,0,0,0"
3.8833333333333333,29,AV,1,25,21,1325,-3.513543658381135,"0,0,0,0"
1.6166666666666667,253,AV,1,131,12,1788,-3.513543658381135,"0,0,0,0"
2.4,276,AV,1,179,88,1205,-3.5135436583811344,"0,0,0,0"
2.5833333333333335,300,AV,1,138,94,17,-3.513543658381135,"0,0,0,0"
6.583333333333333,347,AV,1,24,40,588,-3.513543658381135,"0,0,0,0"
1.2333333333333334,100,AV,1,77,48,1792,-3.513543658381135,"0,0,0,0"
1.9833333333333334,182,AV,1,133,33,928,-3.5135436583811344,"0,0,0,0"
1.5166666666666666,493,AV,1,193,144,1625,-3.5135436583811344,"0,0,0,0"
2.9,422,AV,1,250,195,736,-3.513543658381135,"0,0,0,0"
4.483333333333333,307,AV,1,117,160,501,-3.5135436583811344,"0,0,0,0"
1.7833333333333334,393,AV,1,239,8,241,-3.5135436583811344,"0,0,0,0"
4.466666666666667,491,AV,1,270,71,1761,-3.513543658381135,"0,0,0,0"
1.4333333333333333,90,AV,1,74,48,1401,-3.5135436583811344,"0,0,0,0"
1.45,94,AV,1,77,67,331,-3.513543658381135,"0,0,0,0"
2.1666666666666665,105,AV,1,40,72,265,-3.5135436583811344,"0,0,0,0"
2.35,40,AV,1,36,2,1336,-3.513543658381135,"0,0,0,0"
1.7,417,AV,1,249,150,1398,-3.513543658381134,"0,0,0,0"
2.2666666666666666,260,AV,1,174,55,1473,-3.5135436583811344,"0,0,0,0"
7.816666666666666,464,AV,1,54,205,118,-3.5135436583811344,"0,0,0,0"
3.5166666666666666,139,AV,1,76,2,1319,-3.5135436583811344,"0,0,0,0"
4.3,334,AV,1,96,4,1036,-3.513543658381134,"0,0,0,0"
7.1,254,AV,1,172,40,259,-3.5135436583811344,"0,0,0,0"
3.5,14,AV,1,14,11,383,-3.513543658381135,"0,0,0,0"
3.7,145,AV,1,91,10,1538,-3.513543658381135,"0,0,0,0"
