6.224958497919e+22
6.817853252481336e+22
3.883632333861602e+22
1.7014114439376293e+22
5.601085816285278e+21
1.1681496187172985e+21
6.046922599610588e+20
1.6519504642015166e+21
3.253376188440534e+21
4.982746851845243e+21
6.224879941185906e+21
7.125071468779813e+21
7.87326302518721e+21
8.532398183397948e+21
8.74915271309838e+21
9.132660525001584e+21
9.179799082240453e+21
9.403649669532016e+21
9.313194087781562e+21
9.419352163121917e+21
9.499566077956726e+21
9.456730065624906e+21
9.361372380949619e+21
9.092114405430298e+21
9.164100366126327e+21
9.043144514882085e+21
9.062917846441685e+21
8.911601394402968e+21
8.83629192403845e+21
8.770264543838536e+21
8.807383269078189e+21
8.644673101599584e+21
8.616529259023868e+21
8.559852134885093e+21
8.389149122380863e+21
8.400020518168316e+21
8.482305003725285e+21
8.316428471202145e+21
8.091299310344632e+21
8.079196465613417e+21
8.045025191314675e+21
7.922937663807546e+21
7.848994472979981e+21
7.829774309098526e+21
7.686948888318128e+21
7.590411880601287e+21
7.473156323876969e+21
7.527883063029293e+21
7.44601755909418e+21
7.354922564100978e+21
7.413240744464841e+21
7.288026282886002e+21
7.248602816060957e+21
7.013154578589858e+21
6.948486445131828e+21
7.018129946595586e+21
6.938708567390853e+21
6.80711927685686e+21
6.811663784180846e+21
6.809067883247806e+21
6.719256960780968e+21
6.470293045528162e+21
6.449373278626463e+21
6.618342943748023e+21
6.412424180814079e+21
6.275700264548406e+21
6.216394000953254e+21
6.184909327799612e+21
6.32450031554328e+21
6.050635728713807e+21
5.958145727418638e+21
5.940847066743414e+21
5.760264437571845e+21
5.824111659458666e+21
5.874619382423117e+21
5.610454925050834e+21
5.585887164943362e+21
5.533722459981229e+21
5.5083948602138e+21
5.668234827354887e+21
5.53543627952747e+21
5.367383643562643e+21
5.225326208899137e+21
5.448352625220848e+21
5.17609781417992e+21
5.144220850575041e+21
5.088339350132393e+21
4.961578689395617e+21
4.92526926590422e+21
4.815962374872226e+21
4.685513298675413e+21
4.826611760331309e+21
4.7037183822039005e+21
4.6791927291212055e+21
4.5707906659176064e+21
4.60389017325068e+21
4.504063077959324e+21
4.4903879833571106e+21
4.244771315495829e+21
4.325407173558771e+21
4.328950033821068e+21
4.3662200620590715e+21
4.146890970492311e+21
4.148205511665067e+21
4.2421418211362205e+21
4.080309003001328e+21
4.117012222223186e+21
3.9331129244488643e+21
3.8768353438411616e+21
3.850348866721793e+21
3.9222591718392993e+21
3.649247140079503e+21
3.6942361667462245e+21
3.7815605719035795e+21
3.6783827454579426e+21
3.5825643555946873e+21
3.601854064192128e+21
3.4064315888060213e+21
3.450605496574969e+21
3.30968992022568e+21
3.581665997611409e+21
3.252602854299085e+21
3.2473996221013416e+21
3.238556273917826e+21
3.204751602419185e+21
3.3513359257048743e+21
3.0985629217742976e+21
3.0662557216278425e+21
3.068850696549003e+21
3.0810106807004897e+21
2.8214988374399873e+21
3.0001448881766814e+21
2.653118034287095e+21
2.798489381954124e+21
2.792715467399795e+21
2.730330269375156e+21
2.8851907320521614e+21
2.5516425093500654e+21
2.46439157936e+21
2.637600649248183e+21
2.579932706675628e+21
2.548467377787777e+21
2.5538193715503856e+21
2.470123401167269e+21
2.307132162567355e+21
2.428949610754982e+21
2.3599658723589177e+21
2.3198844740932023e+21
2.295698522553596e+21
2.346425412541217e+21
2.2409618869042647e+21
2.2146299456661315e+21
2.0782923945994685e+21
2.1597816541966906e+21
2.329176369989333e+21
2.0383339968192281e+21
1.956329664530384e+21
2.04355158220111e+21
1.9870088797009415e+21
2.0295075962848537e+21
1.9323013787513735e+21
1.8536589132156172e+21
1.767216216184766e+21
1.857793916261801e+21
1.779016241773373e+21
1.778332482963915e+21
1.7088581520405076e+21
1.7587829076934105e+21
1.6726336014132838e+21
1.662153053007894e+21
1.8964298568954835e+21
1.6729504208764724e+21
1.8118698072860352e+21
1.6090835334752444e+21
1.8562067828914903e+21
1.6818464048806326e+21
1.590452713945298e+21
1.465332518948061e+21
1.435889546974401e+21
1.4166044337619062e+21
1.5296384736583407e+21
1.365238963738263e+21
1.5334034854964148e+21
1.3807991758067836e+21
1.350312979551913e+21
1.2730308453545534e+21
1.3312213487709638e+21
1.380772630982757e+21
1.5102511513746835e+21
1.210868588769349e+21
1.248986890291921e+21
1.2442895966168542e+21
1.2899277152881578e+21
1.2691146778845567e+21
1.0550124267192935e+21
1.0985640086122868e+21
1.0238455530920739e+21
1.0793103211630886e+21
1.1231588311109977e+21
1.0456666849660691e+21
1.0075379596908267e+21
1.5540022067309277e+21
1.280775490131014e+21
1.0570495544408223e+21
1.0403667589749673e+21
1.0948840450503281e+21
1.0110776615183309e+21
9.384098618557558e+20
8.571069129422348e+20
9.259684419912776e+20
9.755991386453452e+20
1.1197794030219307e+21
9.481736023630496e+20
1.016762840193895e+21
8.776936368157839e+20
7.87318523636491e+20
1.0013828695048906e+21
9.12563181055359e+20
9.048751599166726e+20
9.028238572274988e+20
8.975470098898543e+20
7.406318063348802e+20
8.045135236302444e+20
1.0032490922622483e+21
7.97717899719538e+20
7.154906608569326e+20
7.147930044754587e+20
7.814504596543198e+20
8.4461706711185e+20
8.440387281387272e+20
7.681649700816401e+20
6.898471559100717e+20
7.56545953730039e+20
7.60078072034627e+20
7.621968600943445e+20
8.267970972831815e+20
8.329731337313175e+20
7.515866856818576e+20
9.074140911924426e+20
7.529521341951748e+20
8.321955342944476e+20
1.0553409244420656e+21
7.560542614639953e+20
8.313878294942096e+20
8.31273827049376e+20
7.588585476569887e+20
6.8007970664648e+20
9.054592074067686e+20
9.003376370550585e+20
9.097280201575651e+20
7.568526538220262e+20
1.0527475530669885e+21
9.004254406694674e+20
8.327793427712319e+20
8.33632626374923e+20
9.089229263757562e+20
8.288596353478588e+20
9.095207672870276e+20
8.3697591350085e+20
9.008355807996245e+20
7.551119976788195e+20
7.57979730473221e+20
7.576860278137548e+20
7.578318884386942e+20
8.276321716278131e+20
8.330200357502056e+20
8.319929999999711e+20
1.0632570283843626e+21
8.35976711822239e+20
9.065318283165096e+20
6.076657936343226e+20
7.59773196082227e+20
8.351482129978424e+20
6.100915984035468e+20
8.275641452457601e+20
7.599111444282817e+20
6.828534756432692e+20
6.834834754470929e+20
9.708690687895891e+20
9.849592768899216e+20
7.560616425134386e+20
7.53269559811953e+20
6.842326725535573e+20
8.984489595115231e+20
7.53872395262761e+20
8.333677140131213e+20
8.340872271022197e+20
7.538797437172618e+20
8.308653033009052e+20
8.384633991193061e+20
5.979381502312074e+20
1.0561748309818527e+21
8.304663855552827e+20
1.1264826208482048e+21
8.2929997646105e+20
6.838147024067089e+20
6.815832055731977e+20
9.054360939234918e+20
9.797397260553139e+20
7.548941729741027e+20
8.366988183649688e+20
8.333422357771216e+20
8.360436755945252e+20
7.56601606116607e+20
8.295174578691552e+20
6.808455631348361e+20
8.39179949947799e+20
8.270929562124293e+20
1.0582959745878751e+21
6.75516216098875e+20
8.326909978923463e+20
6.824715134465399e+20
7.551401572452241e+20
7.601978455849379e+20
6.786377107511163e+20
8.311687582062337e+20
8.292854625370758e+20
9.065718866184819e+20
7.570449865209537e+20
7.627286441476685e+20
7.524370712358245e+20
8.347843505970175e+20
5.3255556849874174e+20
9.096664286095496e+20
9.06491466840141e+20
7.49048811797656e+20
8.297486046571197e+20
9.103566869290279e+20
9.729110792988422e+20
7.581700370968931e+20
4.552824379551104e+20
7.574806393902633e+20
7.536905863262488e+20
7.54449266399812e+20
6.830352061335108e+20
9.090651000185128e+20
9.093319868233404e+20
8.336500548293446e+20
7.518767318536577e+20
8.286383758664185e+20
7.557247915578222e+20
1.0574093358389156e+21
6.825165359658286e+20
7.635119815144435e+20
1.0480357421833553e+21
7.567869218498462e+20
9.033892721186725e+20
8.315341071666981e+20
6.814606735035786e+20
6.73752090625014e+20
7.603729353700391e+20
7.62816733326361e+20
7.579399370499739e+20
7.613644765096253e+20
9.793226429793084e+20
8.384195429318748e+20
6.847916438962674e+20
8.297049568540321e+20
8.326445947728755e+20
9.858852979802265e+20
8.311907643976428e+20
6.102840927605615e+20
8.292711080104177e+20
6.779803036121664e+20
1.1355270395117082e+21
8.338647622253851e+20
1.0554469053759163e+21
6.751588133726843e+20
9.070231617174946e+20
7.570371925072924e+20
7.583732458361841e+20
8.213585007142839e+20
1.1278852019287846e+21
8.294302835090354e+20
8.948179558797484e+20
7.526095108214395e+20
7.522221812212602e+20
8.36485698687621e+20
8.31163913070807e+20
6.805839832015589e+20
9.112781210321062e+20
1.1332625666274077e+21
9.897301269646758e+20
8.284388448740103e+20
8.312088140781259e+20
8.289099616841669e+20
7.530921306226524e+20
8.300232009157944e+20
7.553296260310764e+20
7.565984119735804e+20
1.0628830227597066e+21
8.30563926478529e+20
6.800667341461819e+20
9.136992325239961e+20
8.268944482259567e+20
9.085757429667721e+20
9.008216903385806e+20
9.085252615953408e+20
9.067801653174332e+20
1.0640240906326249e+21
1.1355949265983858e+21
8.360213983476056e+20
7.615350173721142e+20
7.557515901917584e+20
7.586630318579559e+20
7.6052209531665e+20
6.024038253043258e+20
1.3469110648286767e+21
1.0602492884004159e+21
7.541540165621603e+20
8.311404139398024e+20
7.540617372203454e+20
6.75236610710224e+20
8.388748714980236e+20
8.361204905781815e+20
7.591775454977116e+20
8.349895779022181e+20
9.036525415969724e+20
5.3306898381800735e+20
9.032455848876117e+20
7.560967890679047e+20
6.863986501464861e+20
9.088631470340413e+20
7.579837662206915e+20
7.524884641083709e+20
9.130812637935172e+20
8.272229205245143e+20
9.051539522363936e+20
8.35709542657547e+20
8.33182069486068e+20
7.58514754544304e+20
9.813893574791479e+20
9.844315290800433e+20
9.123827602801632e+20
7.568666851599893e+20
7.590410495368018e+20
7.510051338281974e+20
9.087084721044223e+20
7.568864692822198e+20
9.834550068788863e+20
8.334639139126287e+20
7.544803114084066e+20
8.296039371875402e+20
8.308760079011135e+20
8.364753674771796e+20
9.099438273440952e+20
8.363007848766744e+20
7.520520816413889e+20
7.591282899801599e+20
9.844338401100704e+20
6.821491951185465e+20
8.276212955257016e+20
8.328882840285957e+20
7.546775662255056e+20
8.227870331375704e+20
7.567095411216444e+20
6.099392520563036e+20
9.04102028834306e+20
1.05243609893969e+21
9.737780647714387e+20
1.1408141596024258e+21
9.054371009207772e+20
7.538682883119533e+20
7.519679673107675e+20
9.083665839972182e+20
6.831645686148596e+20
8.216398542228458e+20
8.396243488803598e+20
9.090052624634336e+20
7.547144051434886e+20
7.605153746992236e+20
8.263125158476555e+20
7.498120611606907e+20
7.579671046975408e+20
9.760957994331342e+20
8.261735422946501e+20
6.809941327014671e+20
9.062290833212214e+20
8.298805670069136e+20
7.518726241778099e+20
7.591893560353166e+20
6.826099820328951e+20
9.089436012139499e+20
6.818556100171904e+20
6.843701897117857e+20
8.277437403634146e+20
7.503931230205793e+20
9.00121494045409e+20
7.577259578553054e+20
1.0583030547197095e+21
4.562209642931089e+20
8.293699131848002e+20
7.532061620292597e+20
8.31476330360332e+20
8.293803575333947e+20
9.075934204394212e+20
6.823877015234452e+20
9.811555177003778e+20
8.327155628863374e+20
8.315270166791372e+20
6.782402893232988e+20
7.608575272329987e+20
9.074819923935031e+20
9.824993837764577e+20
7.610549662192912e+20
8.279969795727842e+20
8.29103652409426e+20
9.06506223875697e+20
6.813277336640451e+20
7.48952259124225e+20
8.328242227643342e+20
7.607005005595526e+20
9.749815960552968e+20
9.803372470644739e+20
9.07945806384867e+20
1.2056675172752873e+21
9.819878777850279e+20
7.524792939762327e+20
9.084925335780414e+20
9.789998595339943e+20
7.577002700089668e+20
9.061340912810501e+20
8.288774218207948e+20
9.031775527052364e+20
8.329536395256041e+20
7.562835480655212e+20
8.366186961758239e+20
1.2786566271252378e+21
8.285141445493834e+20
7.51455720788297e+20
9.014016947112913e+20
8.191391182759851e+20
9.0082936447958e+20
5.2864627698405894e+20
9.092174433789486e+20
6.049605168121509e+20
8.299236992326655e+20
7.559233410767532e+20
7.568464262280038e+20
7.617414606973378e+20
8.340233847363818e+20
1.260703601245429e+21
8.2812313169082e+20
8.324094121836602e+20
7.558852195047571e+20
9.048419722417648e+20
6.081525882592757e+20
6.827213781332199e+20
6.781964279719475e+20
8.303776663285413e+20
9.061090782161519e+20
7.5836033480496e+20
9.087770245251064e+20
8.305192765164057e+20
7.557277495667837e+20
9.815888801296092e+20
8.34784306622528e+20
9.091008280303821e+20
8.300656898913905e+20
7.576253469143343e+20
8.298100257310363e+20
8.291962887260162e+20
1.1319993988088748e+21
7.575185327877022e+20
9.156327524481732e+20
8.364139900988908e+20
6.811147976808303e+20
7.578700688206192e+20
7.528368699292852e+20
7.56532011008331e+20
8.305249469070163e+20
6.835040992695404e+20
8.291792537214728e+20
6.805686956675772e+20
8.286167413736794e+20
7.581265043361851e+20
8.292354631779974e+20
7.536397730098668e+20
9.816213990564473e+20
7.539376395298267e+20
8.350049273355174e+20
9.078558077747614e+20
8.344391869729669e+20
9.083304419943226e+20
9.779289812286792e+20
8.952158215680277e+20
9.828870388420381e+20
6.792600204252089e+20
7.551462193886408e+20
8.353402079773913e+20
7.485835120473839e+20
9.792607671218867e+20
9.031238338696219e+20
8.333369688096768e+20
7.548449547044993e+20
8.296248391266735e+20
7.574140567207581e+20
9.110844909990921e+20
6.064904453531984e+20
8.251747558853472e+20
