travel_time,id,kind,action,origin,destination,start_time,reward,cost_table
3.7666666666666666,913,AV,2,13,4,1580,-3.7666666666666666,"0,0,0,0"
2.783333333333333,373,AV,0,7,9,697,-2.783333333333333,"0,0,0,0"
4.716666666666667,284,AV,2,48,3,504,-4.716666666666667,"0,0,0,0"
4.933333333333334,1021,AV,2,11,4,1767,-4.933333333333334,"0,0,0,0"
4.316666666666666,542,AV,1,11,4,999,-4.316666666666666,"0,0,0,0"
3.316666666666667,511,AV,2,0,12,925,-3.316666666666667,"0,0,0,0"
5.983333333333333,489,AV,0,1,1,899,-5.983333333333333,"0,0,0,0"
3.3833333333333333,403,AV,1,4,4,775,-3.3833333333333333,"0,0,0,0"
4.533333333333333,1020,AV,0,17,5,1760,-4.533333333333333,"0,0,0,0"
4.516666666666667,364,AV,0,17,5,686,-4.516666666666667,"0,0,0,0"
4.733333333333333,959,AV,2,98,2,1641,-4.733333333333333,"0,0,0,0"
4.683333333333334,1028,AV,3,11,4,1780,-4.683333333333334,"0,0,0,0"
5.366666666666666,824,AV,1,11,20,1437,-5.366666666666666,"0,0,0,0"
4.533333333333333,349,AV,2,7,10,675,-4.533333333333333,"0,0,0,0"
5.383333333333334,872,AV,2,17,5,1505,-5.383333333333334,"0,0,0,0"
5.3,699,AV,1,4,3,1275,-5.3,"0,0,0,0"
4.983333333333333,292,AV,0,7,1,521,-4.983333333333333,"0,0,0,0"
2.5833333333333335,290,AV,2,16,45,516,-2.5833333333333335,"0,0,0,0"
2.466666666666667,358,AV,3,0,3,680,-2.466666666666667,"0,0,0,0"
4.483333333333333,491,AV,1,77,10,901,-4.483333333333333,"0,0,0,0"
4.433333333333334,507,AV,1,16,71,921,-4.433333333333334,"0,0,0,0"
5.5,790,AV,0,7,10,1405,-5.5,"0,0,0,0"
3.8666666666666667,892,AV,0,77,3,1545,-3.8666666666666667,"0,0,0,0"
3.8,287,AV,1,21,4,512,-3.8,"0,0,0,0"
5.883333333333334,850,AV,0,0,2,1475,-5.883333333333334,"0,0,0,0"
4.666666666666667,471,AV,3,4,4,877,-4.666666666666667,"0,0,0,0"
6.35,1015,AV,2,4,3,1753,-6.35,"0,0,0,0"
4.933333333333334,946,AV,0,1,1,1616,-4.933333333333334,"0,0,0,0"
4.5,1001,AV,1,126,108,1712,-4.5,"0,0,0,0"
5.633333333333334,835,AV,3,11,20,1456,-5.633333333333334,"0,0,0,0"
5.883333333333334,704,AV,1,101,22,1287,-5.883333333333334,"0,0,0,0"
6.716666666666667,496,AV,1,0,2,905,-6.716666666666667,"0,0,0,0"
6.9,736,AV,2,7,10,1330,-6.9,"0,0,0,0"
6.616666666666666,886,AV,1,4,20,1535,-6.616666666666666,"0,0,0,0"
2.683333333333333,559,AV,0,84,1,1019,-2.683333333333333,"0,0,0,0"
8.033333333333333,265,AV,0,4,5,459,-8.033333333333333,"0,0,0,0"
3.7666666666666666,432,AV,2,0,3,805,-3.7666666666666666,"0,0,0,0"
5.716666666666667,1006,AV,2,4,3,1727,-5.716666666666667,"0,0,0,0"
4.316666666666666,712,AV,0,4,20,1303,-4.316666666666666,"0,0,0,0"
4.966666666666667,626,AV,2,11,3,1144,-4.966666666666667,"0,0,0,0"
5.683333333333334,562,AV,1,11,2,1029,-5.683333333333334,"0,0,0,0"
8.35,428,AV,1,0,5,802,-8.35,"0,0,0,0"
7.883333333333334,494,AV,2,0,5,903,-7.883333333333334,"0,0,0,0"
1.4166666666666667,625,AV,2,16,87,1140,-1.4166666666666667,"0,0,0,0"
4.1,371,AV,0,22,9,695,-4.1,"0,0,0,0"
2.4833333333333334,360,AV,1,1,57,682,-2.4833333333333334,"0,0,0,0"
5.2,674,AV,2,7,4,1233,-5.2,"0,0,0,0"
3.6,367,AV,0,7,58,692,-3.6,"0,0,0,0"
5.966666666666667,653,AV,3,11,2,1202,-5.966666666666667,"0,0,0,0"
10.1,638,AV,1,96,3,1167,-10.1,"0,0,0,0"
6.0,919,AV,3,42,9,1589,-6.0,"0,0,0,0"
6.2,552,AV,1,11,5,1007,-6.2,"0,0,0,0"
5.15,308,AV,3,17,5,548,-5.15,"0,0,0,0"
6.233333333333333,765,AV,1,4,20,1380,-6.233333333333333,"0,0,0,0"
2.8666666666666667,848,AV,0,19,3,1473,-2.8666666666666667,"0,0,0,0"
3.7333333333333334,399,AV,1,7,9,770,-3.7333333333333334,"0,0,0,0"
3.183333333333333,679,AV,3,0,12,1241,-3.183333333333333,"0,0,0,0"
4.35,345,AV,0,7,10,667,-4.35,"0,0,0,0"
5.416666666666667,869,AV,2,17,5,1501,-5.416666666666667,"0,0,0,0"
3.1,588,AV,2,13,82,1075,-3.1,"0,0,0,0"
3.0,955,AV,2,119,1,1624,-3.0,"0,0,0,0"
4.816666666666666,944,AV,2,1,1,1615,-4.816666666666666,"0,0,0,0"
3.5833333333333335,663,AV,1,7,9,1220,-3.5833333333333335,"0,0,0,0"
7.566666666666666,901,AV,3,8,10,1557,-7.566666666666666,"0,0,0,0"
5.133333333333334,474,AV,2,17,5,887,-5.133333333333334,"0,0,0,0"
3.933333333333333,336,AV,2,7,9,618,-3.933333333333333,"0,0,0,0"
6.466666666666667,311,AV,1,4,5,552,-6.466666666666667,"0,0,0,0"
6.533333333333333,997,AV,0,0,2,1709,-6.533333333333333,"0,0,0,0"
5.216666666666667,520,AV,0,1,1,948,-5.216666666666667,"0,0,0,0"
2.2666666666666666,589,AV,0,17,16,1075,-2.2666666666666666,"0,0,0,0"
5.266666666666667,350,AV,3,4,40,676,-5.266666666666667,"0,0,0,0"
5.083333333333333,527,AV,2,1,1,966,-5.083333333333333,"0,0,0,0"
6.566666666666666,379,AV,1,17,5,714,-6.566666666666666,"0,0,0,0"
5.2,693,AV,1,0,2,1259,-5.2,"0,0,0,0"
6.666666666666667,579,AV,1,1,10,1062,-6.666666666666667,"0,0,0,0"
5.0,775,AV,3,11,20,1388,-5.0,"0,0,0,0"
4.633333333333334,978,AV,1,4,3,1677,-4.633333333333334,"0,0,0,0"
7.65,677,AV,0,4,3,1237,-7.65,"0,0,0,0"
4.666666666666667,447,AV,1,72,20,832,-4.666666666666667,"0,0,0,0"
6.566666666666666,686,AV,2,24,10,1245,-6.566666666666666,"0,0,0,0"
4.4,667,AV,0,7,9,1225,-4.4,"0,0,0,0"
3.1,502,AV,3,0,3,911,-3.1,"0,0,0,0"
6.483333333333333,1026,AV,1,4,20,1777,-6.483333333333333,"0,0,0,0"
3.5166666666666666,570,AV,1,8,78,1050,-3.5166666666666666,"0,0,0,0"
3.6333333333333333,999,AV,0,40,9,1710,-3.6333333333333333,"0,0,0,0"
4.85,340,AV,2,55,20,645,-4.85,"0,0,0,0"
5.783333333333333,957,AV,2,1,1,1631,-5.783333333333333,"0,0,0,0"
3.8,987,AV,1,16,107,1689,-3.8,"0,0,0,0"
4.416666666666667,458,AV,2,13,39,861,-4.416666666666667,"0,0,0,0"
4.316666666666666,873,AV,0,17,5,1506,-4.316666666666666,"0,0,0,0"
6.55,546,AV,2,11,5,1002,-6.55,"0,0,0,0"
6.25,450,AV,3,17,5,851,-6.25,"0,0,0,0"
4.833333333333333,796,AV,1,8,2,1412,-4.833333333333333,"0,0,0,0"
4.383333333333334,706,AV,3,16,94,1291,-4.383333333333334,"0,0,0,0"
4.45,578,AV,2,86,3,1061,-4.45,"0,0,0,0"
3.7,1003,AV,2,123,2,1717,-3.7,"0,0,0,0"
5.05,906,AV,1,4,3,1562,-5.05,"0,0,0,0"
2.5,518,AV,3,80,3,942,-2.5,"0,0,0,0"
6.033333333333333,642,AV,2,4,3,1173,-6.033333333333333,"0,0,0,0"
2.183333333333333,323,AV,3,4,50,593,-2.183333333333333,"0,0,0,0"
6.183333333333334,532,AV,2,1,1,973,-6.183333333333334,"0,0,0,0"
5.366666666666666,296,AV,1,4,5,524,-5.366666666666666,"0,0,0,0"
3.5833333333333335,635,AV,0,95,1,1163,-3.5833333333333335,"0,0,0,0"
4.25,738,AV,2,7,9,1332,-4.25,"0,0,0,0"
3.5,582,AV,2,7,1,1064,-3.5,"0,0,0,0"
5.966666666666667,335,AV,2,53,52,616,-5.966666666666667,"0,0,0,0"
1.8166666666666667,513,AV,0,78,5,931,-1.8166666666666667,"0,0,0,0"
4.216666666666667,929,AV,1,17,5,1599,-4.216666666666667,"0,0,0,0"
2.5833333333333335,639,AV,1,51,3,1167,-2.5833333333333335,"0,0,0,0"
4.283333333333333,515,AV,2,0,3,932,-4.283333333333333,"0,0,0,0"
4.1,853,AV,1,0,3,1480,-4.1,"0,0,0,0"
4.183333333333334,739,AV,2,7,9,1335,-4.183333333333334,"0,0,0,0"
4.75,1029,AV,2,11,3,1786,-4.75,"0,0,0,0"
5.65,808,AV,2,7,9,1421,-5.65,"0,0,0,0"
4.866666666666666,430,AV,3,1,1,803,-4.866666666666666,"0,0,0,0"
5.416666666666667,584,AV,0,11,5,1066,-5.416666666666667,"0,0,0,0"
3.55,425,AV,0,0,3,797,-3.55,"0,0,0,0"
2.9166666666666665,561,AV,2,16,5,1024,-2.9166666666666665,"0,0,0,0"
5.15,933,AV,2,16,4,1604,-5.15,"0,0,0,0"
3.4833333333333334,907,AV,3,47,3,1563,-3.4833333333333334,"0,0,0,0"
3.45,585,AV,2,0,3,1070,-3.45,"0,0,0,0"
5.183333333333334,965,AV,1,21,9,1652,-5.183333333333334,"0,0,0,0"
5.666666666666667,780,AV,1,7,10,1391,-5.666666666666667,"0,0,0,0"
6.0,966,AV,0,4,2,1654,-6.0,"0,0,0,0"
6.55,748,AV,0,17,5,1346,-6.55,"0,0,0,0"
3.8833333333333333,705,AV,1,1,1,1290,-3.8833333333333333,"0,0,0,0"
5.3,528,AV,1,1,1,968,-5.3,"0,0,0,0"
6.916666666666667,424,AV,1,0,5,796,-6.916666666666667,"0,0,0,0"
5.283333333333333,879,AV,1,11,20,1521,-5.283333333333333,"0,0,0,0"
5.75,860,AV,0,0,2,1490,-5.75,"0,0,0,0"
2.7333333333333334,372,AV,0,7,9,696,-2.7333333333333334,"0,0,0,0"
2.8666666666666667,315,AV,0,0,3,564,-2.8666666666666667,"0,0,0,0"
2.9,395,AV,2,16,5,752,-2.9,"0,0,0,0"
2.566666666666667,448,AV,3,73,2,833,-2.566666666666667,"0,0,0,0"
5.616666666666666,457,AV,0,17,5,861,-5.616666666666666,"0,0,0,0"
2.8833333333333333,784,AV,0,7,9,1398,-2.8833333333333333,"0,0,0,0"
6.45,994,AV,1,21,10,1701,-6.45,"0,0,0,0"
3.8833333333333333,334,AV,0,7,10,616,-3.8833333333333333,"0,0,0,0"
2.066666666666667,743,AV,2,102,3,1338,-2.066666666666667,"0,0,0,0"
5.25,737,AV,2,17,5,1331,-5.25,"0,0,0,0"
5.066666666666666,1000,AV,1,0,2,1710,-5.066666666666666,"0,0,0,0"
5.5,840,AV,3,11,20,1465,-5.5,"0,0,0,0"
5.633333333333334,917,AV,0,4,2,1585,-5.633333333333334,"0,0,0,0"
5.55,577,AV,2,21,79,1060,-5.55,"0,0,0,0"
7.083333333333333,949,AV,3,11,3,1619,-7.083333333333333,"0,0,0,0"
1.0833333333333333,271,AV,1,45,10,474,-1.0833333333333333,"0,0,0,0"
7.166666666666667,405,AV,1,0,2,776,-7.166666666666667,"0,0,0,0"
4.833333333333333,931,AV,1,16,103,1602,-4.833333333333333,"0,0,0,0"
6.85,603,AV,0,11,3,1100,-6.85,"0,0,0,0"
5.183333333333334,692,AV,1,0,2,1258,-5.183333333333334,"0,0,0,0"
2.85,401,AV,0,7,9,774,-2.85,"0,0,0,0"
4.25,634,AV,1,11,3,1158,-4.25,"0,0,0,0"
6.666666666666667,811,AV,1,7,10,1424,-6.666666666666667,"0,0,0,0"
7.583333333333333,461,AV,3,1,10,862,-7.583333333333333,"0,0,0,0"
4.966666666666667,833,AV,0,4,20,1454,-4.966666666666667,"0,0,0,0"
6.15,262,AV,0,1,1,455,-6.15,"0,0,0,0"
6.75,602,AV,0,11,3,1098,-6.75,"0,0,0,0"
4.45,896,AV,2,1,1,1548,-4.45,"0,0,0,0"
6.833333333333333,486,AV,3,4,5,898,-6.833333333333333,"0,0,0,0"
8.05,908,AV,3,4,3,1564,-8.05,"0,0,0,0"
6.55,394,AV,2,70,3,752,-6.55,"0,0,0,0"
6.75,649,AV,0,4,3,1192,-6.75,"0,0,0,0"
5.116666666666666,911,AV,1,1,1,1578,-5.116666666666666,"0,0,0,0"
6.666666666666667,519,AV,2,81,2,944,-6.666666666666667,"0,0,0,0"
5.083333333333333,456,AV,1,1,1,860,-5.083333333333333,"0,0,0,0"
6.266666666666667,749,AV,1,4,20,1348,-6.266666666666667,"0,0,0,0"
5.133333333333334,469,AV,2,4,2,875,-5.133333333333334,"0,0,0,0"
4.866666666666666,961,AV,2,21,9,1644,-4.866666666666666,"0,0,0,0"
5.566666666666666,948,AV,1,4,3,1618,-5.566666666666666,"0,0,0,0"
4.933333333333334,259,AV,3,1,1,452,-4.933333333333334,"0,0,0,0"
4.716666666666667,687,AV,0,11,3,1245,-4.716666666666667,"0,0,0,0"
5.2,893,AV,0,17,5,1545,-5.2,"0,0,0,0"
5.15,282,AV,1,1,1,500,-5.15,"0,0,0,0"
3.6666666666666665,408,AV,3,7,9,779,-3.6666666666666665,"0,0,0,0"
5.8,741,AV,3,11,3,1337,-5.8,"0,0,0,0"
4.0,668,AV,1,8,89,1225,-4.0,"0,0,0,0"
5.083333333333333,581,AV,2,1,1,1064,-5.083333333333333,"0,0,0,0"
5.3,332,AV,3,7,10,614,-5.3,"0,0,0,0"
2.7,587,AV,1,51,3,1071,-2.7,"0,0,0,0"
5.066666666666666,1012,AV,3,4,3,1748,-5.066666666666666,"0,0,0,0"
5.783333333333333,363,AV,2,7,10,686,-5.783333333333333,"0,0,0,0"
4.733333333333333,376,AV,3,7,9,707,-4.733333333333333,"0,0,0,0"
5.15,902,AV,2,111,3,1558,-5.15,"0,0,0,0"
5.6,351,AV,1,8,10,676,-5.6,"0,0,0,0"
1.8333333333333333,972,AV,0,120,3,1664,-1.8333333333333333,"0,0,0,0"
5.283333333333333,431,AV,0,0,5,804,-5.283333333333333,"0,0,0,0"
6.6,436,AV,2,1,10,814,-6.6,"0,0,0,0"
5.4,890,AV,1,4,3,1539,-5.4,"0,0,0,0"
4.1,996,AV,0,21,9,1703,-4.1,"0,0,0,0"
6.95,485,AV,1,0,5,897,-6.95,"0,0,0,0"
5.55,623,AV,1,4,2,1140,-5.55,"0,0,0,0"
2.5,973,AV,0,17,16,1665,-2.5,"0,0,0,0"
6.916666666666667,827,AV,2,11,20,1444,-6.916666666666667,"0,0,0,0"
6.433333333333334,551,AV,0,11,5,1005,-6.433333333333334,"0,0,0,0"
4.766666666666667,990,AV,3,1,1,1694,-4.766666666666667,"0,0,0,0"
5.433333333333334,538,AV,2,11,2,984,-5.433333333333334,"0,0,0,0"
5.25,691,AV,0,0,2,1258,-5.25,"0,0,0,0"
4.066666666666666,802,AV,0,16,9,1416,-4.066666666666666,"0,0,0,0"
5.266666666666667,771,AV,3,11,20,1383,-5.266666666666667,"0,0,0,0"
4.583333333333333,854,AV,1,49,9,1481,-4.583333333333333,"0,0,0,0"
5.9,968,AV,2,17,5,1654,-5.9,"0,0,0,0"
5.8,871,AV,1,16,10,1503,-5.8,"0,0,0,0"
8.2,422,AV,2,0,5,794,-8.2,"0,0,0,0"
4.883333333333334,608,AV,0,17,5,1110,-4.883333333333334,"0,0,0,0"
4.866666666666666,573,AV,3,1,1,1055,-4.866666666666666,"0,0,0,0"
3.3333333333333335,343,AV,2,57,15,653,-3.3333333333333335,"0,0,0,0"
4.616666666666666,730,AV,1,7,9,1320,-4.616666666666666,"0,0,0,0"
5.233333333333333,286,AV,1,1,1,508,-5.233333333333333,"0,0,0,0"
2.95,1034,AV,2,43,9,1798,-2.95,"0,0,0,0"
4.55,591,AV,0,13,4,1078,-4.55,"0,0,0,0"
6.933333333333334,569,AV,0,1,10,1048,-6.933333333333334,"0,0,0,0"
4.516666666666667,269,AV,3,21,43,465,-4.516666666666667,"0,0,0,0"
3.933333333333333,357,AV,2,0,3,680,-3.933333333333333,"0,0,0,0"
4.2,339,AV,3,11,4,637,-4.2,"0,0,0,0"
4.0,595,AV,1,4,3,1085,-4.0,"0,0,0,0"
3.0,355,AV,0,7,55,680,-3.0,"0,0,0,0"
6.95,303,AV,3,4,5,536,-6.95,"0,0,0,0"
4.833333333333333,732,AV,1,7,9,1323,-4.833333333333333,"0,0,0,0"
3.5,365,AV,1,7,4,688,-3.5,"0,0,0,0"
5.966666666666667,986,AV,0,11,3,1688,-5.966666666666667,"0,0,0,0"
4.933333333333334,611,AV,1,4,3,1118,-4.933333333333334,"0,0,0,0"
5.883333333333334,665,AV,0,6,5,1221,-5.883333333333334,"0,0,0,0"
5.866666666666666,947,AV,3,11,3,1618,-5.866666666666666,"0,0,0,0"
5.733333333333333,571,AV,0,4,5,1052,-5.733333333333333,"0,0,0,0"
3.6666666666666665,453,AV,1,4,4,853,-3.6666666666666665,"0,0,0,0"
5.866666666666666,934,AV,0,11,3,1604,-5.866666666666666,"0,0,0,0"
8.4,619,AV,2,17,20,1131,-8.4,"0,0,0,0"
0.7,936,AV,0,8,2,1607,-0.7,"0,0,0,0"
6.416666666666667,839,AV,3,8,9,1464,-6.416666666666667,"0,0,0,0"
5.383333333333334,537,AV,3,4,5,984,-5.383333333333334,"0,0,0,0"
3.783333333333333,398,AV,0,7,4,769,-3.783333333333333,"0,0,0,0"
4.3,406,AV,1,7,10,777,-4.3,"0,0,0,0"
3.55,878,AV,0,4,20,1520,-3.55,"0,0,0,0"
4.783333333333333,777,AV,2,7,9,1388,-4.783333333333333,"0,0,0,0"
5.9,867,AV,3,110,10,1500,-5.9,"0,0,0,0"
4.333333333333333,851,AV,0,1,1,1476,-4.333333333333333,"0,0,0,0"
5.45,939,AV,2,11,20,1608,-5.45,"0,0,0,0"
2.7666666666666666,331,AV,0,7,9,613,-2.7666666666666666,"0,0,0,0"
5.866666666666666,410,AV,3,0,5,780,-5.866666666666666,"0,0,0,0"
6.883333333333334,347,AV,0,24,54,673,-6.883333333333334,"0,0,0,0"
5.55,844,AV,3,11,20,1469,-5.55,"0,0,0,0"
5.366666666666666,762,AV,1,8,2,1378,-5.366666666666666,"0,0,0,0"
6.833333333333333,426,AV,1,8,16,798,-6.833333333333333,"0,0,0,0"
3.183333333333333,640,AV,1,97,3,1173,-3.183333333333333,"0,0,0,0"
6.65,549,AV,2,1,10,1004,-6.65,"0,0,0,0"
5.966666666666667,547,AV,2,1,1,1002,-5.966666666666667,"0,0,0,0"
4.283333333333333,924,AV,2,16,9,1592,-4.283333333333333,"0,0,0,0"
5.516666666666667,475,AV,2,1,10,887,-5.516666666666667,"0,0,0,0"
5.166666666666667,884,AV,2,11,2,1528,-5.166666666666667,"0,0,0,0"
3.3666666666666667,539,AV,1,0,3,989,-3.3666666666666667,"0,0,0,0"
5.616666666666666,688,AV,2,7,10,1246,-5.616666666666666,"0,0,0,0"
3.2333333333333334,954,AV,0,0,3,1622,-3.2333333333333334,"0,0,0,0"
4.833333333333333,647,AV,0,11,2,1179,-4.833333333333333,"0,0,0,0"
6.5,378,AV,3,7,10,711,-6.5,"0,0,0,0"
5.633333333333334,925,AV,0,0,2,1594,-5.633333333333334,"0,0,0,0"
5.333333333333333,413,AV,0,1,4,782,-5.333333333333333,"0,0,0,0"
2.533333333333333,327,AV,3,16,5,606,-2.533333333333333,"0,0,0,0"
4.183333333333334,279,AV,2,1,1,491,-4.183333333333334,"0,0,0,0"
3.683333333333333,409,AV,2,11,60,779,-3.683333333333333,"0,0,0,0"
5.866666666666666,633,AV,1,16,9,1158,-5.866666666666666,"0,0,0,0"
7.383333333333334,522,AV,2,1,10,955,-7.383333333333334,"0,0,0,0"
4.8,876,AV,3,1,1,1518,-4.8,"0,0,0,0"
4.866666666666666,1010,AV,0,17,5,1744,-4.866666666666666,"0,0,0,0"
4.7,1004,AV,0,1,1,1720,-4.7,"0,0,0,0"
6.166666666666667,604,AV,3,1,10,1105,-6.166666666666667,"0,0,0,0"
5.583333333333333,921,AV,1,115,2,1591,-5.583333333333333,"0,0,0,0"
3.7333333333333334,580,AV,3,21,80,1062,-3.7333333333333334,"0,0,0,0"
6.1,960,AV,1,21,10,1642,-6.1,"0,0,0,0"
5.266666666666667,302,AV,1,4,5,534,-5.266666666666667,"0,0,0,0"
6.316666666666666,390,AV,1,4,5,741,-6.316666666666666,"0,0,0,0"
6.1,564,AV,1,1,10,1039,-6.1,"0,0,0,0"
8.016666666666667,261,AV,0,11,2,453,-8.016666666666667,"0,0,0,0"
6.733333333333333,575,AV,1,1,10,1056,-6.733333333333333,"0,0,0,0"
3.716666666666667,476,AV,2,8,68,889,-3.716666666666667,"0,0,0,0"
4.0,988,AV,3,124,10,1690,-4.0,"0,0,0,0"
4.983333333333333,864,AV,3,1,1,1496,-4.983333333333333,"0,0,0,0"
1.55,865,AV,0,0,12,1497,-1.55,"0,0,0,0"
7.283333333333333,632,AV,0,4,3,1158,-7.283333333333333,"0,0,0,0"
3.816666666666667,492,AV,2,0,52,901,-3.816666666666667,"0,0,0,0"
6.416666666666667,613,AV,2,4,3,1121,-6.416666666666667,"0,0,0,0"
3.85,807,AV,0,4,20,1420,-3.85,"0,0,0,0"
4.516666666666667,1027,AV,2,11,3,1778,-4.516666666666667,"0,0,0,0"
3.533333333333333,830,AV,0,11,20,1447,-3.533333333333333,"0,0,0,0"
7.033333333333333,877,AV,1,1,10,1519,-7.033333333333333,"0,0,0,0"
2.85,715,AV,0,16,18,1307,-2.85,"0,0,0,0"
7.15,787,AV,3,7,10,1403,-7.15,"0,0,0,0"
4.9,823,AV,0,1,1,1436,-4.9,"0,0,0,0"
4.483333333333333,662,AV,1,7,10,1218,-4.483333333333333,"0,0,0,0"
6.866666666666666,386,AV,2,11,3,732,-6.866666666666666,"0,0,0,0"
1.6,418,AV,0,0,23,787,-1.6,"0,0,0,0"
7.683333333333334,503,AV,0,1,10,912,-7.683333333333334,"0,0,0,0"
7.966666666666667,442,AV,1,0,2,818,-7.966666666666667,"0,0,0,0"
3.6166666666666667,304,AV,0,11,20,537,-3.6166666666666667,"0,0,0,0"
8.35,740,AV,2,16,10,1336,-8.35,"0,0,0,0"
2.7666666666666666,849,AV,0,0,3,1474,-2.7666666666666666,"0,0,0,0"
3.9,714,AV,3,7,9,1306,-3.9,"0,0,0,0"
3.4166666666666665,307,AV,0,11,20,547,-3.4166666666666665,"0,0,0,0"
7.283333333333333,863,AV,0,0,2,1492,-7.283333333333333,"0,0,0,0"
5.683333333333334,524,AV,2,4,5,957,-5.683333333333334,"0,0,0,0"
4.9,305,AV,3,17,5,541,-4.9,"0,0,0,0"
4.25,298,AV,2,11,47,528,-4.25,"0,0,0,0"
5.433333333333334,753,AV,2,17,5,1355,-5.433333333333334,"0,0,0,0"
4.533333333333333,671,AV,1,7,9,1230,-4.533333333333333,"0,0,0,0"
4.716666666666667,694,AV,1,0,93,1259,-4.716666666666667,"0,0,0,0"
4.483333333333333,1032,AV,0,13,2,1791,-4.483333333333333,"0,0,0,0"
3.55,975,AV,1,11,4,1671,-3.55,"0,0,0,0"
3.7,716,AV,3,7,9,1307,-3.7,"0,0,0,0"
2.6,393,AV,2,69,12,752,-2.6,"0,0,0,0"
5.033333333333333,309,AV,2,11,5,549,-5.033333333333333,"0,0,0,0"
5.633333333333334,701,AV,3,11,3,1283,-5.633333333333334,"0,0,0,0"
4.5,325,AV,1,17,5,600,-4.5,"0,0,0,0"
5.483333333333333,981,AV,1,0,2,1682,-5.483333333333333,"0,0,0,0"
8.066666666666666,429,AV,2,0,5,803,-8.066666666666666,"0,0,0,0"
3.183333333333333,318,AV,0,11,20,573,-3.183333333333333,"0,0,0,0"
6.166666666666667,770,AV,3,8,9,1382,-6.166666666666667,"0,0,0,0"
2.783333333333333,317,AV,0,0,3,572,-2.783333333333333,"0,0,0,0"
4.283333333333333,828,AV,3,1,1,1444,-4.283333333333333,"0,0,0,0"
4.566666666666666,1005,AV,3,127,10,1727,-4.566666666666666,"0,0,0,0"
4.016666666666667,472,AV,3,4,12,878,-4.016666666666667,"0,0,0,0"
8.2,621,AV,0,17,86,1133,-8.2,"0,0,0,0"
5.383333333333334,370,AV,3,7,10,694,-5.383333333333334,"0,0,0,0"
5.983333333333333,759,AV,1,4,20,1376,-5.983333333333333,"0,0,0,0"
3.0,483,AV,0,8,70,896,-3.0,"0,0,0,0"
5.35,768,AV,3,11,20,1381,-5.35,"0,0,0,0"
7.216666666666667,782,AV,3,7,10,1397,-7.216666666666667,"0,0,0,0"
6.75,291,AV,2,16,10,517,-6.75,"0,0,0,0"
4.933333333333334,801,AV,3,7,9,1415,-4.933333333333334,"0,0,0,0"
3.65,330,AV,0,7,10,611,-3.65,"0,0,0,0"
6.966666666666667,645,AV,3,4,3,1176,-6.966666666666667,"0,0,0,0"
6.316666666666666,832,AV,2,11,2,1453,-6.316666666666666,"0,0,0,0"
3.816666666666667,778,AV,0,4,4,1389,-3.816666666666667,"0,0,0,0"
6.283333333333333,763,AV,2,0,0,1379,-6.283333333333333,"0,0,0,0"
5.0,727,AV,3,7,9,1318,-5.0,"0,0,0,0"
3.283333333333333,548,AV,0,83,1,1003,-3.283333333333333,"0,0,0,0"
6.6,500,AV,1,4,5,908,-6.6,"0,0,0,0"
5.2,452,AV,3,4,20,852,-5.2,"0,0,0,0"
5.85,856,AV,1,8,9,1487,-5.85,"0,0,0,0"
6.083333333333333,900,AV,0,68,10,1555,-6.083333333333333,"0,0,0,0"
7.2,553,AV,2,0,2,1007,-7.2,"0,0,0,0"
2.95,482,AV,1,11,69,895,-2.95,"0,0,0,0"
4.416666666666667,508,AV,2,0,3,922,-4.416666666666667,"0,0,0,0"
2.683333333333333,631,AV,2,0,12,1158,-2.683333333333333,"0,0,0,0"
4.066666666666666,385,AV,2,0,59,729,-4.066666666666666,"0,0,0,0"
6.866666666666666,868,AV,1,7,10,1501,-6.866666666666666,"0,0,0,0"
6.75,842,AV,2,8,10,1467,-6.75,"0,0,0,0"
6.683333333333334,543,AV,3,1,10,1000,-6.683333333333334,"0,0,0,0"
5.166666666666667,690,AV,1,0,92,1250,-5.166666666666667,"0,0,0,0"
3.283333333333333,560,AV,3,0,77,1020,-3.283333333333333,"0,0,0,0"
7.066666666666666,952,AV,0,4,3,1621,-7.066666666666666,"0,0,0,0"
7.016666666666667,324,AV,2,4,5,599,-7.016666666666667,"0,0,0,0"
4.666666666666667,267,AV,0,21,4,462,-4.666666666666667,"0,0,0,0"
6.866666666666666,698,AV,0,4,3,1273,-6.866666666666666,"0,0,0,0"
3.5166666666666666,831,AV,0,11,20,1450,-3.5166666666666666,"0,0,0,0"
5.7,789,AV,0,0,2,1404,-5.7,"0,0,0,0"
7.483333333333333,359,AV,0,8,10,681,-7.483333333333333,"0,0,0,0"
5.316666666666666,328,AV,1,7,10,607,-5.316666666666666,"0,0,0,0"
7.083333333333333,769,AV,2,8,9,1382,-7.083333333333333,"0,0,0,0"
3.0166666666666666,468,AV,3,21,39,874,-3.0166666666666666,"0,0,0,0"
4.566666666666666,746,AV,3,7,9,1340,-4.566666666666666,"0,0,0,0"
5.75,521,AV,3,1,74,953,-5.75,"0,0,0,0"
3.0833333333333335,392,AV,3,68,2,751,-3.0833333333333335,"0,0,0,0"
3.8,610,AV,1,91,1,1117,-3.8,"0,0,0,0"
2.716666666666667,322,AV,1,8,49,593,-2.716666666666667,"0,0,0,0"
5.683333333333334,505,AV,0,1,1,918,-5.683333333333334,"0,0,0,0"
6.45,636,AV,3,4,88,1164,-6.45,"0,0,0,0"
6.516666666666667,545,AV,1,4,5,1002,-6.516666666666667,"0,0,0,0"
8.416666666666666,421,AV,3,0,2,794,-8.416666666666666,"0,0,0,0"
6.7,702,AV,3,11,3,1285,-6.7,"0,0,0,0"
2.3833333333333333,795,AV,1,106,5,1412,-2.3833333333333333,"0,0,0,0"
6.1,943,AV,2,11,3,1614,-6.1,"0,0,0,0"
7.016666666666667,568,AV,2,4,5,1047,-7.016666666666667,"0,0,0,0"
3.8833333333333333,858,AV,1,0,101,1488,-3.8833333333333333,"0,0,0,0"
5.6,903,AV,3,4,3,1558,-5.6,"0,0,0,0"
7.75,785,AV,3,17,3,1401,-7.75,"0,0,0,0"
3.033333333333333,268,AV,3,0,3,464,-3.033333333333333,"0,0,0,0"
2.6666666666666665,920,AV,1,4,90,1589,-2.6666666666666665,"0,0,0,0"
5.066666666666666,809,AV,1,11,20,1421,-5.066666666666666,"0,0,0,0"
4.033333333333333,572,AV,0,85,2,1054,-4.033333333333333,"0,0,0,0"
4.75,922,AV,2,0,2,1591,-4.75,"0,0,0,0"
4.066666666666666,374,AV,2,7,9,699,-4.066666666666666,"0,0,0,0"
3.5166666666666666,404,AV,1,7,4,775,-3.5166666666666666,"0,0,0,0"
1.6666666666666667,534,AV,0,82,1,976,-1.6666666666666667,"0,0,0,0"
1.9666666666666666,384,AV,3,64,1,729,-1.9666666666666666,"0,0,0,0"
4.0,377,AV,1,7,10,710,-4.0,"0,0,0,0"
4.166666666666667,1014,AV,1,129,10,1753,-4.166666666666667,"0,0,0,0"
4.5,817,AV,3,11,20,1430,-4.5,"0,0,0,0"
6.833333333333333,435,AV,0,0,2,811,-6.833333333333333,"0,0,0,0"
2.716666666666667,555,AV,0,11,55,1010,-2.716666666666667,"0,0,0,0"
5.3,566,AV,1,1,1,1044,-5.3,"0,0,0,0"
6.066666666666666,882,AV,0,1,1,1523,-6.066666666666666,"0,0,0,0"
6.45,484,AV,1,1,1,896,-6.45,"0,0,0,0"
1.8166666666666667,998,AV,3,0,3,1709,-1.8166666666666667,"0,0,0,0"
1.95,637,AV,3,0,3,1164,-1.95,"0,0,0,0"
3.8666666666666667,479,AV,0,8,0,894,-3.8666666666666667,"0,0,0,0"
5.9,974,AV,2,121,105,1667,-5.9,"0,0,0,0"
3.4166666666666665,916,AV,2,114,3,1584,-3.4166666666666665,"0,0,0,0"
6.216666666666667,550,AV,1,11,5,1004,-6.216666666666667,"0,0,0,0"
4.4,791,AV,0,8,9,1408,-4.4,"0,0,0,0"
5.983333333333333,773,AV,0,0,2,1385,-5.983333333333333,"0,0,0,0"
4.666666666666667,531,AV,0,11,3,973,-4.666666666666667,"0,0,0,0"
9.55,0,Human,2,0,0,5,-9.55,"-4.902822902964606,-4.923977210619993,-9.516666666666667,-5.415814838399687"
4.75,1,Human,3,1,1,5,-4.75,"-2.312686139970747,-2.576207266913685,-2.5731115145738723,-4.75"
9.583333333333334,2,Human,3,2,2,11,-9.583333333333334,"-0.4343742104473179,-1.310544909108352,-3.4010860355661343,-9.583333333333336"
3.6,3,Human,2,0,3,11,-3.6,"-1.1823881499551978,-2.2557912476953743,-3.6000000000000005,-1.1234221262299016"
3.533333333333333,4,Human,3,3,3,11,-3.533333333333333,"-1.0579673626109911,-2.153359255869375,-2.131370460351168,-3.533333333333333"
5.816666666666666,5,Human,2,4,3,12,-5.816666666666666,"-3.129158514934156,-2.2792215351026264,-5.816666666666666,-3.0410742531516894"
5.55,6,Human,3,4,4,13,-5.55,"-0.7569475407300825,-1.2353689903372562,-0.9474240451839836,-5.550000000000001"
5.683333333333334,7,Human,2,4,3,15,-5.683333333333334,"-3.129158514934156,-2.2792215351026264,-5.683333333333334,-3.0410742531516894"
6.983333333333333,8,Human,3,4,3,17,-6.983333333333333,"-3.129158514934156,-2.2792215351026264,-3.211623523975929,-6.983333333333333"
2.4833333333333334,9,Human,0,5,2,25,-2.4833333333333334,"-2.4833333333333334,-1.3093999010691388,-1.5127568089870935,-1.705577594608758"
6.616666666666666,10,Human,2,4,3,26,-6.616666666666666,"-3.129158514934156,-2.2792215351026264,-6.616666666666666,-3.0410742531516894"
6.583333333333333,11,Human,2,4,3,28,-6.583333333333333,"-3.129158514934156,-2.2792215351026264,-6.583333333333333,-3.0410742531516894"
4.3,12,Human,1,0,3,30,-4.3,"-1.1823881499551978,-4.3,-2.2777800432135815,-1.1234221262299016"
6.066666666666666,13,Human,3,6,5,31,-6.066666666666666,"-3.3764403978194792,-3.3403707703383727,-3.4206328624223112,-6.066666666666666"
4.25,14,Human,2,1,1,33,-4.25,"-2.312686139970747,-2.576207266913685,-4.25,-2.281932600253924"
6.5,15,Human,0,4,3,37,-6.5,"-6.5,-2.2792215351026264,-3.211623523975929,-3.0410742531516894"
4.166666666666667,16,Human,2,7,6,39,-4.166666666666667,"-0.3386565281260092,-1.050407967362611,-4.166666666666668,-1.7689318636021725"
4.1,17,Human,3,8,7,55,-4.1,"-0.7872121202692739,-1.423990517733371,-1.33298900553742,-4.1"
3.5166666666666666,18,Human,1,9,8,56,-3.5166666666666666,"-1.2723302135829135,-3.5166666666666666,-1.9407669544709805,-1.8469105493143287"
4.45,19,Human,3,8,9,57,-4.45,"-2.525497960163187,-2.8521047871992575,-3.064601787439238,-4.450000000000001"
6.15,20,Human,0,4,3,57,-6.15,"-6.150000000000001,-2.2792215351026264,-3.211623523975929,-3.0410742531516894"
4.016666666666667,21,Human,2,10,5,58,-4.016666666666667,"-1.0720422366210702,-1.435069002402977,-4.016666666666667,-1.8497216021037648"
4.8,22,Human,2,11,4,60,-4.8,"-1.3366166781647015,-1.287694329126342,-4.8,-1.4412286218788632"
4.116666666666666,23,Human,2,7,9,61,-4.116666666666666,"-1.7825773938084952,-1.9950743940484763,-4.116666666666666,-1.990646748260139"
4.2,24,Human,1,12,10,69,-4.2,"-2.525291345618565,-4.2,-3.062338446676411,-3.0312569139913426"
4.333333333333333,25,Human,0,11,3,72,-4.333333333333333,"-4.333333333333334,-2.1529037676985836,-3.0853057565718864,-2.9147564857476467"
4.05,26,Human,1,13,11,72,-4.05,"-0.9287942102687006,-4.050000000000001,-1.3189656136032526,-1.171191169052214"
5.883333333333334,27,Human,0,11,3,73,-5.883333333333334,"-5.883333333333334,-2.1529037676985836,-3.0853057565718864,-2.9147564857476467"
5.816666666666666,28,Human,0,11,3,75,-5.816666666666666,"-5.816666666666666,-2.1529037676985836,-3.0853057565718864,-2.9147564857476467"
5.183333333333334,29,Human,0,11,2,77,-5.183333333333334,"-5.1833333333333345,-3.2409215089923658,-3.1318334533237335,-3.2223914763889714"
5.9,30,Human,0,4,3,77,-5.9,"-5.9,-2.2792215351026264,-3.211623523975929,-3.0410742531516894"
4.25,31,Human,3,11,3,79,-4.25,"-3.0028407475301133,-2.1529037676985836,-3.0853057565718864,-4.25"
3.316666666666667,32,Human,3,0,12,80,-3.316666666666667,"-0.6014363739964341,-0.5424703502711379,-1.7353931820616333,-3.3166666666666673"
5.783333333333333,33,Human,0,4,3,81,-5.783333333333333,"-5.783333333333333,-2.2792215351026264,-3.211623523975929,-3.0410742531516894"
4.516666666666667,34,Human,0,13,4,82,-4.516666666666667,"-4.516666666666667,-2.4284591590415854,-2.044300427154303,-2.5424000701792586"
4.166666666666667,35,Human,3,14,3,82,-4.166666666666667,"-1.860619971530729,-1.8266609451556,-1.7987497806898138,-4.166666666666668"
5.783333333333333,36,Human,2,11,3,82,-5.783333333333333,"-3.0028407475301133,-2.1529037676985836,-5.783333333333333,-2.9147564857476467"
6.6,37,Human,0,0,2,82,-6.6,"-6.6000000000000005,-2.922096041751225,-3.3088058876766366,-3.2902758550732423"
5.85,38,Human,3,4,3,83,-5.85,"-3.129158514934156,-2.2792215351026264,-3.211623523975929,-5.85"
5.783333333333333,39,Human,0,4,3,86,-5.783333333333333,"-5.783333333333333,-2.2792215351026264,-3.211623523975929,-3.0410742531516894"
3.6333333333333333,40,Human,1,0,3,88,-3.6333333333333333,"-1.1823881499551978,-3.6333333333333333,-2.2777800432135815,-1.1234221262299016"
5.983333333333333,41,Human,2,11,3,89,-5.983333333333333,"-3.0028407475301133,-2.1529037676985836,-5.983333333333334,-2.9147564857476467"
6.016666666666667,42,Human,0,11,3,91,-6.016666666666667,"-6.016666666666667,-2.1529037676985836,-3.0853057565718864,-2.9147564857476467"
7.383333333333334,43,Human,1,11,2,92,-7.383333333333334,"-2.854211663066954,-7.383333333333334,-3.1318334533237335,-3.2223914763889714"
5.716666666666667,44,Human,3,4,3,93,-5.716666666666667,"-3.129158514934156,-2.2792215351026264,-3.211623523975929,-5.716666666666667"
5.633333333333334,45,Human,0,11,3,94,-5.633333333333334,"-5.633333333333334,-2.1529037676985836,-3.0853057565718864,-2.9147564857476467"
6.0,46,Human,2,11,13,96,-6.0,"-2.9437849738487056,-3.153128711343703,-6.000000000000001,-2.8948626248103464"
4.216666666666667,47,Human,2,15,1,101,-4.216666666666667,"-0.1597070182180205,-0.960260486545596,-4.216666666666667,-1.3116600672562104"
5.65,48,Human,3,4,4,101,-5.65,"-0.7569475407300825,-1.2353689903372562,-0.9474240451839836,-5.65"
6.816666666666666,49,Human,0,4,3,105,-6.816666666666666,"-6.816666666666666,-2.2792215351026264,-3.211623523975929,-3.0410742531516894"
3.15,50,Human,1,16,5,106,-3.15,"-0.2099232061435085,-3.15,-1.0860939048045422,-1.2390377173187488"
6.716666666666667,51,Human,2,4,3,109,-6.716666666666667,"-3.129158514934156,-2.2792215351026264,-6.716666666666668,-3.0410742531516894"
3.0833333333333335,52,Human,2,0,12,112,-3.0833333333333335,"-0.6014363739964341,-0.5424703502711379,-3.0833333333333335,-1.713404386543426"
4.933333333333334,53,Human,1,17,5,119,-4.933333333333334,"-2.8646166746036066,-4.933333333333334,-3.110800979859186,-3.1741623359206894"
5.766666666666667,54,Human,3,7,10,125,-5.766666666666667,"-2.166112079959818,-2.64983799653235,-2.672077648332595,-5.766666666666667"
4.566666666666666,55,Human,1,18,2,127,-4.566666666666666,"-2.0119806597945153,-4.566666666666666,-2.398690505719927,-2.184812413086185"
3.8,56,Human,2,7,4,128,-3.8,"-1.864886343306221,-1.7988287179522635,-3.8,-1.678082377659487"
4.416666666666667,57,Human,1,1,1,129,-4.416666666666667,"-2.312686139970747,-4.416666666666667,-2.5731115145738723,-2.281932600253924"
4.533333333333333,58,Human,1,7,10,131,-4.533333333333333,"-2.166112079959818,-4.533333333333333,-2.672077648332595,-2.600343021574557"
5.166666666666667,59,Human,1,1,1,132,-5.166666666666667,"-2.312686139970747,-5.166666666666667,-2.5731115145738723,-2.281932600253924"
6.416666666666667,60,Human,3,4,3,133,-6.416666666666667,"-3.129158514934156,-2.2792215351026264,-3.211623523975929,-6.4333333333333345"
5.25,61,Human,1,1,1,134,-5.25,"-2.312686139970747,-5.25,-2.5731115145738723,-2.281932600253924"
4.216666666666667,62,Human,1,16,5,135,-4.216666666666667,"-0.2099232061435085,-4.216666666666667,-1.0860939048045422,-1.2390377173187488"
5.55,63,Human,2,7,10,136,-5.55,"-2.166112079959818,-2.64983799653235,-5.550000000000001,-2.600343021574557"
5.233333333333333,64,Human,1,1,1,136,-5.233333333333333,"-2.312686139970747,-5.233333333333333,-2.5731115145738723,-2.281932600253924"
3.8,65,Human,3,7,9,139,-3.8,"-1.7825773938084952,-1.9950743940484763,-2.2663033103810277,-3.8"
3.65,66,Human,1,19,12,140,-3.65,"-1.1186731856169394,-3.65,-1.2687599196854082,-2.2808259660955814"
4.95,67,Human,2,20,3,141,-4.95,"-2.158232234578497,-2.1242732082033684,-4.95,-2.679510609139264"
3.683333333333333,68,Human,2,7,4,141,-3.683333333333333,"-1.864886343306221,-1.7988287179522635,-3.6833333333333336,-1.678082377659487"
5.783333333333333,69,Human,3,8,9,142,-5.783333333333333,"-2.525497960163187,-2.8521047871992575,-3.064601787439238,-5.783333333333333"
2.2666666666666666,70,Human,1,13,14,149,-2.2666666666666666,"-0.4346485750527712,-2.2666666666666666,-1.550975105665016,-1.713744489876584"
6.083333333333333,71,Human,2,8,9,149,-6.083333333333333,"-2.525497960163187,-2.8521047871992575,-6.083333333333334,-2.8394360335927034"
4.383333333333334,72,Human,2,8,15,150,-4.383333333333334,"-1.656148737392725,-1.5484041276697864,-4.383333333333334,-1.516352214031761"
6.633333333333334,73,Human,2,4,16,152,-6.633333333333334,"-1.9042463450271143,-2.2736717681841387,-6.633333333333335,-2.3501579566119934"
4.733333333333333,74,Human,3,4,3,154,-4.733333333333333,"-3.129158514934156,-2.2792215351026264,-3.211623523975929,-4.733333333333334"
4.966666666666667,75,Human,3,13,4,154,-4.966666666666667,"-2.456670443555391,-2.4284591590415854,-2.044300427154303,-4.966666666666667"
5.933333333333334,76,Human,2,4,3,155,-5.933333333333334,"-3.129158514934156,-2.2792215351026264,-5.950000000000001,-3.0410742531516894"
5.466666666666667,77,Human,1,21,17,158,-5.466666666666667,"-2.7089187202085387,-5.466666666666668,-2.4573800917982114,-2.8462473449629764"
4.75,78,Human,3,22,9,160,-4.75,"-1.6741660667146625,-1.8866630669546436,-2.157891983287195,-4.75"
8.183333333333334,79,Human,1,4,18,160,-8.183333333333334,"-1.359987073859526,-8.066666666666666,-3.1181637241457145,-1.7527348740067017"
7.35,80,Human,0,11,3,164,-7.35,"-7.35,-2.1529037676985836,-3.0853057565718864,-2.9147564857476467"
5.9,81,Human,3,11,3,166,-5.9,"-3.0028407475301133,-2.1529037676985836,-3.0853057565718864,-5.9"
2.033333333333333,82,Human,0,23,2,167,-2.033333333333333,"-2.033333333333333,-1.2932369780165485,-1.533497790764974,-1.360209540979819"
6.083333333333333,83,Human,3,11,3,169,-6.083333333333333,"-3.0028407475301133,-2.1529037676985836,-3.0853057565718864,-6.083333333333334"
5.866666666666666,84,Human,3,11,3,171,-5.866666666666666,"-3.0028407475301133,-2.1529037676985836,-3.0853057565718864,-5.85"
7.166666666666667,85,Human,2,11,3,172,-7.166666666666667,"-3.0028407475301133,-2.1529037676985836,-7.166666666666668,-2.9147564857476467"
4.433333333333334,86,Human,2,11,4,176,-4.433333333333334,"-1.3366166781647015,-1.287694329126342,-4.433333333333334,-1.4412286218788632"
5.6,87,Human,2,11,3,178,-5.6,"-3.0028407475301133,-2.1529037676985836,-5.6,-2.9147564857476467"
5.933333333333334,88,Human,3,11,3,179,-5.933333333333334,"-3.0028407475301133,-2.1529037676985836,-3.0853057565718864,-5.950000000000001"
5.616666666666666,89,Human,2,4,3,181,-5.616666666666666,"-3.129158514934156,-2.2792215351026264,-5.6,-3.0410742531516894"
5.583333333333333,90,Human,2,11,3,181,-5.583333333333333,"-3.0028407475301133,-2.1529037676985836,-5.583333333333334,-2.9147564857476467"
5.9,91,Human,2,0,2,181,-5.9,"-3.4139336695309184,-2.922096041751225,-5.916666666666667,-3.2902758550732423"
5.633333333333334,92,Human,3,4,3,183,-5.633333333333334,"-3.129158514934156,-2.2792215351026264,-3.211623523975929,-5.616666666666666"
6.983333333333333,93,Human,2,4,3,186,-6.983333333333333,"-3.129158514934156,-2.2792215351026264,-7.000000000000001,-3.0410742531516894"
7.016666666666667,94,Human,2,4,3,188,-7.016666666666667,"-3.129158514934156,-2.2792215351026264,-7.033333333333333,-3.0410742531516894"
5.55,95,Human,3,24,19,189,-5.55,"-1.3206704712122428,-1.497557151010152,-2.187372674051622,-5.516666666666667"
6.983333333333333,96,Human,0,4,3,189,-6.983333333333333,"-6.966666666666668,-2.2792215351026264,-3.211623523975929,-3.0410742531516894"
6.983333333333333,97,Human,2,4,3,191,-6.983333333333333,"-3.129158514934156,-2.2792215351026264,-6.950000000000001,-3.0410742531516894"
5.85,98,Human,3,4,3,192,-5.85,"-3.129158514934156,-2.2792215351026264,-3.211623523975929,-5.866666666666667"
5.85,99,Human,2,1,1,194,-5.85,"-2.312686139970747,-2.576207266913685,-5.866666666666667,-2.281932600253924"
5.783333333333333,100,Human,3,11,3,195,-5.783333333333333,"-3.0028407475301133,-2.1529037676985836,-3.0853057565718864,-5.783333333333333"
6.45,101,Human,3,25,10,197,-6.45,"-1.95469000685144,-2.354273667882938,-2.77850240401794,-6.45"
6.9,102,Human,2,4,3,199,-6.9,"-3.129158514934156,-2.2792215351026264,-6.883333333333335,-3.0410742531516894"
3.45,103,Human,2,0,3,201,-3.45,"-1.1823881499551978,-2.2557912476953743,-3.45,-1.1234221262299016"
2.9833333333333334,104,Human,2,0,12,203,-2.9833333333333334,"-0.6014363739964341,-0.5424703502711379,-2.9833333333333334,-1.713404386543426"
6.833333333333333,105,Human,3,4,3,204,-6.833333333333333,"-3.129158514934156,-2.2792215351026264,-3.211623523975929,-6.8500000000000005"
11.55,106,Human,1,17,3,204,-11.55,"-5.098356671708259,-11.183333333333334,-5.6902230943032155,-5.750044733542064"
8.016666666666667,107,Human,2,4,3,212,-8.016666666666667,"-3.129158514934156,-2.2792215351026264,-8.016666666666667,-3.0410742531516894"
6.783333333333333,108,Human,2,4,20,213,-6.783333333333333,"-2.1683864019132817,-3.1007883907865845,-6.883333333333335,-2.937635944782986"
6.033333333333333,109,Human,0,1,10,220,-6.033333333333333,"-6.033333333333334,-3.5990647969247993,-3.3382434539991404,-3.632518120658901"
7.1,110,Human,2,4,20,221,-7.1,"-2.1683864019132817,-3.1007883907865845,-6.983333333333333,-2.937635944782986"
4.966666666666667,111,Human,2,26,3,221,-4.966666666666667,"-2.488453547471015,-1.6385165676394855,-4.966666666666667,-2.274575454837273"
4.55,112,Human,2,7,9,223,-4.55,"-1.7825773938084952,-1.9950743940484763,-4.55,-1.990646748260139"
3.816666666666667,113,Human,2,7,4,225,-3.816666666666667,"-1.864886343306221,-1.7988287179522635,-3.8166666666666673,-1.678082377659487"
7.833333333333333,114,Human,2,4,3,226,-7.833333333333333,"-3.129158514934156,-2.2792215351026264,-7.800000000000001,-3.0410742531516894"
5.6,115,Human,0,7,10,226,-5.6,"-5.6,-2.64983799653235,-2.672077648332595,-2.600343021574557"
4.45,116,Human,2,7,9,228,-4.45,"-1.7825773938084952,-1.9950743940484763,-4.450000000000001,-1.990646748260139"
7.833333333333333,117,Human,2,17,3,229,-7.833333333333333,"-5.098356671708259,-6.008115290778637,-7.833333333333333,-5.750044733542064"
4.0,118,Human,0,7,4,230,-4.0,"-4.0,-1.7988287179522635,-1.9856326835989977,-1.678082377659487"
5.616666666666666,119,Human,3,7,10,231,-5.616666666666666,"-2.166112079959818,-2.64983799653235,-2.672077648332595,-5.616666666666666"
3.5166666666666666,120,Human,3,7,4,233,-3.5166666666666666,"-1.864886343306221,-1.7988287179522635,-1.9856326835989977,-3.5166666666666666"
6.316666666666666,121,Human,0,4,3,233,-6.316666666666666,"-6.3,-2.2792215351026264,-3.211623523975929,-3.0410742531516894"
5.483333333333333,122,Human,1,7,10,234,-5.483333333333333,"-2.166112079959818,-5.5,-2.672077648332595,-2.600343021574557"
5.6,123,Human,3,0,21,235,-5.6,"-1.759917016073279,-2.2517546438529727,-1.700950992347983,-5.6"
5.55,124,Human,3,7,10,236,-5.55,"-2.166112079959818,-2.64983799653235,-2.672077648332595,-5.550000000000001"
4.316666666666666,125,Human,2,7,9,238,-4.316666666666666,"-1.7825773938084952,-1.9950743940484763,-4.316666666666666,-1.990646748260139"
2.6666666666666665,126,Human,2,8,21,238,-2.6666666666666665,"-1.3662586993040555,-1.6502001088412328,-2.6666666666666665,-2.3349944297373373"
5.6,127,Human,0,27,2,240,-5.6,"-5.6,-2.8924377238296333,-2.8739076912262385,-2.678559631195891"
6.766666666666667,128,Human,2,16,10,245,-6.766666666666667,"-3.090547080741988,-2.763940253705918,-6.7666666666666675,-3.4902651249070984"
6.283333333333333,129,Human,3,4,20,245,-6.283333333333333,"-2.1683864019132817,-3.1007883907865845,-3.025720206565452,-6.316666666666667"
3.65,130,Human,2,17,22,245,-3.65,"-2.19387693162218,-2.503422592939263,-3.65,-2.44006123687776"
7.066666666666666,131,Human,3,16,10,246,-7.066666666666666,"-3.090547080741988,-2.763940253705918,-3.574272997314521,-7.066666666666666"
6.0,132,Human,2,11,3,248,-6.0,"-3.0028407475301133,-2.1529037676985836,-6.000000000000001,-2.9147564857476467"
5.933333333333334,133,Human,1,16,9,248,-5.933333333333334,"-2.7070123945906657,-5.950000000000001,-2.664346977091773,-2.380405567554595"
4.8,134,Human,3,11,3,249,-4.8,"-3.0028407475301133,-2.1529037676985836,-3.0853057565718864,-4.8"
7.416666666666667,135,Human,2,4,3,258,-7.416666666666667,"-3.129158514934156,-2.2792215351026264,-7.416666666666667,-3.0410742531516894"
5.766666666666667,136,Human,0,11,3,260,-5.766666666666667,"-5.750000000000001,-2.1529037676985836,-3.0853057565718864,-2.9147564857476467"
3.45,137,Human,0,28,9,261,-3.45,"-3.45,-0.8141792238361152,-0.8487551544313344,-0.8097515780477782"
2.8833333333333333,138,Human,3,0,23,262,-2.8833333333333333,"-1.0703803806847827,-1.0114143569594864,-1.3784235979716974,-2.8833333333333333"
2.783333333333333,139,Human,3,29,3,264,-2.783333333333333,"-0.8896093498594542,-1.5285910764593815,-1.234638333375107,-2.783333333333333"
4.183333333333334,140,Human,2,4,24,265,-4.183333333333334,"-2.416191845184903,-2.0903778910935467,-4.233333333333333,-2.056895082769518"
7.183333333333334,141,Human,2,11,3,267,-7.183333333333334,"-3.0028407475301133,-2.1529037676985836,-7.183333333333334,-2.9147564857476467"
7.133333333333334,142,Human,0,4,3,267,-7.133333333333334,"-7.133333333333334,-2.2792215351026264,-3.211623523975929,-3.0410742531516894"
2.283333333333333,143,Human,3,30,25,268,-2.283333333333333,"-1.2975401967842572,-1.5261099112071033,-1.637604991600672,-2.283333333333333"
5.7,144,Human,0,4,3,269,-5.7,"-5.733333333333333,-2.2792215351026264,-3.211623523975929,-3.0410742531516894"
7.2,145,Human,2,11,3,269,-7.2,"-3.0028407475301133,-2.1529037676985836,-7.166666666666668,-2.9147564857476467"
7.1,146,Human,2,11,26,271,-7.1,"-2.656719462443004,-2.9343412526997836,-6.616666666666666,-2.6990853216736657"
5.95,147,Human,3,11,3,272,-5.95,"-3.0028407475301133,-2.1529037676985836,-3.0853057565718864,-7.066666666666666"
7.733333333333333,148,Human,2,4,16,280,-7.733333333333333,"-1.9042463450271143,-2.2736717681841387,-7.7,-2.3501579566119934"
4.433333333333334,149,Human,1,1,1,281,-4.433333333333334,"-2.312686139970747,-4.450000000000001,-2.5731115145738723,-2.281932600253924"
7.0,150,Human,2,11,3,283,-7.0,"-3.0028407475301133,-2.1529037676985836,-6.966666666666668,-2.9147564857476467"
6.85,151,Human,0,11,3,285,-6.85,"-6.866666666666666,-2.1529037676985836,-3.0853057565718864,-2.9147564857476467"
4.45,152,Human,3,16,12,286,-4.45,"-1.305934065490847,-1.6908461440731803,-2.22689774253834,-4.466666666666667"
3.316666666666667,153,Human,2,16,27,288,-3.316666666666667,"-1.3066311333748764,-0.9217190547925432,-3.3000000000000003,-1.830013978233482"
7.2,154,Human,1,11,28,289,-7.2,"-2.7249028192990647,-7.566666666666667,-3.657304808172368,-3.443426715538626"
4.783333333333333,155,Human,3,16,9,289,-4.783333333333333,"-2.7070123945906657,-2.919509394830646,-2.664346977091773,-4.783333333333333"
6.383333333333334,156,Human,3,8,9,292,-6.383333333333334,"-2.525497960163187,-2.8521047871992575,-3.064601787439238,-6.366666666666667"
7.3,157,Human,0,4,29,292,-7.3,"-7.366666666666667,-3.0236059843466867,-3.132694040015319,-3.114164007411925"
3.1,158,Human,3,31,2,293,-3.1,"-0.5103911687065034,-1.4011332970913348,-1.7062506211988038,-3.1000000000000005"
8.166666666666666,159,Human,0,4,3,293,-8.166666666666666,"-8.2,-2.2792215351026264,-3.211623523975929,-3.0410742531516894"
8.25,160,Human,2,4,3,295,-8.25,"-3.129158514934156,-2.2792215351026264,-8.233333333333333,-3.0410742531516894"
8.2,161,Human,2,4,3,296,-8.2,"-3.129158514934156,-2.2792215351026264,-8.183333333333334,-3.0410742531516894"
8.1,162,Human,0,4,3,298,-8.1,"-8.100000000000001,-2.2792215351026264,-3.211623523975929,-3.0410742531516894"
5.233333333333333,163,Human,3,11,3,299,-5.233333333333333,"-3.0028407475301133,-2.1529037676985836,-3.0853057565718864,-5.233333333333333"
5.233333333333333,164,Human,3,11,3,301,-5.233333333333333,"-3.0028407475301133,-2.1529037676985836,-3.0853057565718864,-5.383333333333335"
4.983333333333333,165,Human,0,16,30,305,-4.983333333333333,"-5.0166666666666675,-3.0115661815482135,-3.1983701471949475,-2.890819841255437"
4.75,166,Human,1,17,5,305,-4.75,"-2.8646166746036066,-4.75,-3.110800979859186,-3.1741623359206894"
4.45,167,Human,3,32,9,306,-4.45,"-2.3938564914806815,-2.606353491720662,-2.877582408053214,-4.450000000000001"
3.05,168,Human,2,33,9,307,-3.05,"-0.5009412679838197,-0.4965136221954827,-3.05,-1.13406425630857"
7.683333333333334,169,Human,0,4,31,308,-7.683333333333334,"-7.716666666666667,-3.8062148366574418,-4.46279866964576,-1.8327139451701235"
4.083333333333333,170,Human,2,0,3,315,-4.083333333333333,"-1.1823881499551978,-2.2557912476953743,-4.083333333333333,-1.1234221262299016"
4.2,171,Human,2,0,3,317,-4.2,"-1.1823881499551978,-2.2557912476953743,-4.2,-1.1234221262299016"
7.683333333333334,172,Human,2,4,3,320,-7.683333333333334,"-3.129158514934156,-2.2792215351026264,-7.7,-3.0410742531516894"
3.9166666666666665,173,Human,1,0,3,320,-3.9166666666666665,"-1.1823881499551978,-3.9166666666666665,-2.2777800432135815,-1.1234221262299016"
3.216666666666667,174,Human,3,8,32,323,-3.216666666666667,"-1.7043608804212826,-1.596616270698344,-1.4732319997833545,-3.2000000000000006"
8.25,175,Human,0,4,33,323,-8.25,"-8.3,-4.8786555667602585,-4.899809874415646,-4.871650835422079"
11.383333333333333,176,Human,0,0,16,324,-11.383333333333333,"-11.400000000000002,-5.860781349122047,-6.3526189769017405,-5.920827253732992"
4.316666666666666,177,Human,3,4,34,324,-4.316666666666666,"-0.6267634307699453,-0.6743795417222834,-0.8303873185258818,-4.3"
4.9,178,Human,2,8,9,326,-4.9,"-2.525497960163187,-2.8521047871992575,-4.9,-2.8394360335927034"
3.95,179,Human,3,34,10,329,-3.95,"-1.0636117345435847,-1.0393376764682307,-1.5109232651910824,-3.95"
6.1,180,Human,2,8,9,329,-6.1,"-2.525497960163187,-2.8521047871992575,-6.083333333333334,-2.8394360335927034"
5.633333333333334,181,Human,1,8,9,330,-5.633333333333334,"-2.525497960163187,-5.633333333333334,-3.064601787439238,-2.8394360335927034"
6.85,182,Human,3,16,10,331,-6.85,"-3.090547080741988,-2.763940253705918,-3.574272997314521,-6.833333333333334"
7.666666666666667,183,Human,2,17,3,332,-7.666666666666667,"-5.098356671708259,-6.008115290778637,-7.6833333333333345,-5.750044733542064"
6.166666666666667,184,Human,3,11,3,335,-6.166666666666667,"-3.0028407475301133,-2.1529037676985836,-3.0853057565718864,-6.200000000000001"
3.683333333333333,185,Human,3,16,12,335,-3.683333333333333,"-1.305934065490847,-1.6908461440731803,-2.22689774253834,-3.7000000000000006"
3.566666666666667,186,Human,2,21,35,335,-3.566666666666667,"-1.5775202233521195,-1.3669391874820482,-3.566666666666667,-1.9298214894309056"
6.416666666666667,187,Human,2,11,3,336,-6.416666666666667,"-3.0028407475301133,-2.1529037676985836,-6.150000000000001,-2.9147564857476467"
4.016666666666667,188,Human,3,16,9,337,-4.016666666666667,"-2.7070123945906657,-2.919509394830646,-2.664346977091773,-4.016666666666667"
6.85,189,Human,2,16,10,338,-6.85,"-3.090547080741988,-2.763940253705918,-6.8500000000000005,-3.4902651249070984"
3.8833333333333333,190,Human,3,1,1,339,-3.8833333333333333,"-2.312686139970747,-2.576207266913685,-2.5731115145738723,-3.8833333333333337"
8.666666666666666,191,Human,3,17,36,340,-8.666666666666666,"-6.3664069155639,-6.34470065206498,-6.426228554802749,-8.666666666666668"
5.983333333333333,192,Human,0,11,3,340,-5.983333333333333,"-6.05,-2.1529037676985836,-3.0853057565718864,-2.9147564857476467"
4.55,193,Human,2,11,4,342,-4.55,"-1.3366166781647015,-1.287694329126342,-4.566666666666666,-1.4412286218788632"
5.5,194,Human,3,1,10,343,-5.5,"-3.3614615965477364,-3.5990647969247993,-3.3382434539991404,-5.5"
3.3833333333333333,195,Human,0,1,1,346,-3.3833333333333333,"-3.3833333333333337,-2.576207266913685,-2.5731115145738723,-2.281932600253924"
7.3,196,Human,2,11,3,347,-7.3,"-3.0028407475301133,-2.1529037676985836,-7.266666666666667,-2.9147564857476467"
6.7,197,Human,0,0,2,347,-6.7,"-6.783333333333333,-2.922096041751225,-3.3088058876766366,-3.2902758550732423"
5.25,198,Human,2,13,37,348,-5.25,"-2.3167325389479045,-2.2730114219914026,-5.25,-2.607062767511612"
5.7,199,Human,2,11,3,351,-5.7,"-3.0028407475301133,-2.1529037676985836,-4.75,-2.9147564857476467"
7.25,200,Human,0,4,3,351,-7.25,"-7.250000000000001,-2.2792215351026264,-3.211623523975929,-3.0410742531516894"
7.283333333333333,201,Human,0,11,3,353,-7.283333333333333,"-7.3,-2.1529037676985836,-3.0853057565718864,-2.9147564857476467"
7.216666666666667,202,Human,2,4,20,354,-7.216666666666667,"-2.1683864019132817,-3.1007883907865845,-7.016666666666667,-2.937635944782986"
6.65,203,Human,0,0,2,355,-6.65,"-6.6833333333333345,-2.922096041751225,-3.3088058876766366,-3.2902758550732423"
6.45,204,Human,2,4,20,356,-6.45,"-2.1683864019132817,-3.1007883907865845,-6.400000000000001,-2.937635944782986"
8.05,205,Human,1,4,20,357,-8.05,"-2.1683864019132817,-8.05,-3.025720206565452,-2.937635944782986"
7.283333333333333,206,Human,2,4,20,359,-7.283333333333333,"-2.1683864019132817,-3.1007883907865845,-7.833333333333333,-2.937635944782986"
5.566666666666666,207,Human,2,4,38,362,-5.566666666666666,"-1.1982400136243447,-1.434980036967922,-5.6,-1.5909878137715203"
5.683333333333334,208,Human,3,11,3,366,-5.683333333333334,"-3.0028407475301133,-2.1529037676985836,-3.0853057565718864,-5.933333333333334"
7.033333333333333,209,Human,3,4,20,368,-7.033333333333333,"-2.1683864019132817,-3.1007883907865845,-3.025720206565452,-6.833333333333334"
3.2,210,Human,3,35,3,370,-3.2,"-1.8464752927808996,-1.818564128315113,-1.9028421159680575,-3.2000000000000006"
5.683333333333334,211,Human,3,11,3,374,-5.683333333333334,"-3.0028407475301133,-2.1529037676985836,-3.0853057565718864,-5.683333333333334"
3.1666666666666665,212,Human,0,36,20,375,-3.1666666666666665,"-3.2000000000000006,-1.563146411833408,-1.802626321867976,-1.466674129615985"
5.25,213,Human,1,0,39,376,-5.25,"-1.759917016073279,-5.25,-1.700950992347983,-2.1927886201276765"
6.616666666666666,214,Human,3,16,10,377,-6.616666666666666,"-3.090547080741988,-2.763940253705918,-3.574272997314521,-6.6000000000000005"
6.383333333333334,215,Human,3,1,10,378,-6.383333333333334,"-3.3614615965477364,-3.5990647969247993,-3.3382434539991404,-6.366666666666667"
4.716666666666667,216,Human,2,11,2,379,-4.716666666666667,"-2.854211663066954,-3.2409215089923658,-4.733333333333334,-3.2223914763889714"
5.85,217,Human,3,11,40,380,-5.85,"-2.039476841852651,-2.4222822174226057,-2.36154203942196,-5.85"
5.566666666666666,218,Human,2,8,9,381,-5.566666666666666,"-2.525497960163187,-2.8521047871992575,-5.550000000000001,-2.8394360335927034"
5.45,219,Human,3,11,3,382,-5.45,"-3.0028407475301133,-2.1529037676985836,-3.0853057565718864,-5.633333333333334"
4.15,220,Human,2,1,1,382,-4.15,"-2.312686139970747,-2.576207266913685,-4.183333333333334,-2.281932600253924"
2.466666666666667,221,Human,2,37,41,383,-2.466666666666667,"-1.4339083444804803,-1.534268056710696,-2.4833333333333334,-1.4213878719286088"
8.4,222,Human,2,8,9,383,-8.4,"-2.525497960163187,-2.8521047871992575,-8.483333333333333,-2.8394360335927034"
8.15,223,Human,2,11,3,384,-8.15,"-3.0028407475301133,-2.1529037676985836,-8.15,-2.9147564857476467"
6.766666666666667,224,Human,2,11,3,386,-6.766666666666667,"-3.0028407475301133,-2.1529037676985836,-6.733333333333333,-2.9147564857476467"
7.3,225,Human,1,11,20,387,-7.3,"-2.042068634509239,-7.266666666666667,-2.8994024391614093,-2.811318177378943"
6.8,226,Human,2,11,3,389,-6.8,"-3.0028407475301133,-2.1529037676985836,-6.65,-2.9147564857476467"
5.883333333333334,227,Human,2,38,10,390,-5.883333333333334,"-2.1977436670799073,-2.6814695836524396,-5.883333333333334,-2.6319746086946463"
7.45,228,Human,1,4,20,395,-7.45,"-2.1683864019132817,-7.450000000000001,-3.025720206565452,-2.937635944782986"
4.3,229,Human,1,16,5,396,-4.3,"-0.2099232061435085,-4.333333333333334,-1.0860939048045422,-1.2390377173187488"
5.133333333333334,230,Human,3,4,4,398,-5.133333333333334,"-0.7569475407300825,-1.2353689903372562,-0.9474240451839836,-5.116666666666666"
7.883333333333334,231,Human,2,11,3,399,-7.883333333333334,"-3.0028407475301133,-2.1529037676985836,-7.883333333333335,-2.9147564857476467"
7.433333333333334,232,Human,1,4,20,399,-7.433333333333334,"-2.1683864019132817,-7.416666666666667,-3.025720206565452,-2.937635944782986"
5.583333333333333,233,Human,3,4,20,400,-5.583333333333333,"-2.1683864019132817,-3.1007883907865845,-3.025720206565452,-6.333333333333333"
7.0,234,Human,3,4,20,402,-7.0,"-2.1683864019132817,-3.1007883907865845,-3.025720206565452,-6.4333333333333345"
7.483333333333333,235,Human,1,4,20,403,-7.483333333333333,"-2.1683864019132817,-7.450000000000001,-3.025720206565452,-2.937635944782986"
6.383333333333334,236,Human,3,4,20,411,-6.383333333333334,"-2.1683864019132817,-3.1007883907865845,-3.025720206565452,-7.6"
7.316666666666666,237,Human,3,4,5,412,-7.316666666666666,"-2.994088345757774,-3.2717101360145535,-3.3807981916831857,-7.250000000000001"
4.733333333333333,238,Human,3,39,9,413,-4.733333333333333,"-1.468130549556035,-1.680627549796016,-1.951856466128568,-4.716666666666667"
3.216666666666667,239,Human,2,40,20,413,-3.216666666666667,"-1.19120470362371,-1.8045450145500967,-3.05,-1.8577372633718716"
7.133333333333334,240,Human,3,41,2,414,-7.133333333333334,"-2.541510679145668,-2.9282205250710795,-2.8191324694024473,-5.733333333333333"
7.166666666666667,241,Human,1,4,2,414,-7.166666666666667,"-2.980529430470997,-7.116666666666667,-3.3672392763964085,-3.348709243793014"
7.166666666666667,242,Human,2,42,20,418,-7.166666666666667,"-2.786655858898195,-3.430111570916624,-7.233333333333334,-3.6439896635503657"
6.383333333333334,243,Human,0,11,3,419,-6.383333333333334,"-6.3,-2.1529037676985836,-3.0853057565718864,-2.9147564857476467"
2.466666666666667,244,Human,0,4,10,423,-2.466666666666667,"-2.466666666666667,-1.0402293254831492,-0.9151280180177972,-0.9052092453629942"
8.4,245,Human,1,4,20,423,-8.4,"-2.1683864019132817,-8.333333333333336,-3.025720206565452,-2.937635944782986"
5.583333333333333,246,Human,3,16,10,424,-5.583333333333333,"-3.090547080741988,-2.763940253705918,-3.574272997314521,-5.566666666666666"
4.716666666666667,247,Human,3,11,3,427,-4.716666666666667,"-3.0028407475301133,-2.1529037676985836,-3.0853057565718864,-4.633333333333334"
4.1,248,Human,3,43,20,429,-4.1,"-1.1010108290976577,-1.7444665411160865,-2.033412817970961,-4.533333333333333"
6.0,249,Human,3,11,20,429,-6.0,"-2.042068634509239,-2.9744706233825418,-2.8994024391614093,-4.583333333333333"
5.183333333333334,250,Human,1,16,10,434,-5.183333333333334,"-3.090547080741988,-5.166666666666667,-3.574272997314521,-3.4902651249070984"
3.7,251,Human,1,0,3,435,-3.7,"-1.1823881499551978,-3.7833333333333337,-2.2777800432135815,-1.1234221262299016"
5.9,252,Human,3,11,20,438,-5.9,"-2.042068634509239,-2.9744706233825418,-2.8994024391614093,-5.65"
4.533333333333333,253,Human,2,1,1,446,-4.533333333333333,"-2.312686139970747,-2.576207266913685,-4.55,-2.281932600253924"
4.833333333333333,254,Human,0,1,1,448,-4.833333333333333,"-4.833333333333333,-2.576207266913685,-2.5731115145738723,-2.281932600253924"
4.916666666666667,255,Human,2,17,5,450,-4.916666666666667,"-2.8646166746036066,-3.0890947163602664,-4.933333333333334,-3.1741623359206894"
7.366666666666666,256,Human,1,11,20,450,-7.366666666666666,"-2.042068634509239,-6.75,-2.8994024391614093,-2.811318177378943"
6.133333333333334,257,Human,2,1,42,450,-6.133333333333334,"-3.011171214216532,-2.325427972956408,-5.833333333333334,-2.719992299896584"
4.316666666666666,258,Human,2,11,4,451,-4.316666666666666,"-1.3366166781647015,-1.287694329126342,-4.316666666666666,-1.4412286218788632"
5.066666666666666,260,Human,3,31,2,453,-5.066666666666666,"-0.5103911687065034,-1.4011332970913348,-1.7062506211988038,-5.0"
7.516666666666667,263,Human,2,4,20,456,-7.516666666666667,"-2.1683864019132817,-3.1007883907865845,-7.450000000000001,-2.937635944782986"
6.583333333333333,264,Human,3,4,20,458,-6.583333333333333,"-2.1683864019132817,-3.1007883907865845,-3.025720206565452,-6.8500000000000005"
6.033333333333333,266,Human,2,44,20,462,-6.033333333333333,"-1.4136669066474683,-2.182916449517172,-5.750000000000001,-2.3460688955207716"
4.016666666666667,270,Human,2,43,2,468,-4.016666666666667,"-1.9131538576553733,-2.2813336709773906,-4.016666666666667,-2.0859856109470427"
5.316666666666666,272,Human,2,11,4,474,-5.316666666666666,"-1.3366166781647015,-1.287694329126342,-5.333333333333333,-1.4412286218788632"
6.516666666666667,273,Human,2,16,9,481,-6.516666666666667,"-2.7070123945906657,-2.919509394830646,-6.5,-2.380405567554595"
7.683333333333334,274,Human,3,4,5,481,-7.683333333333334,"-2.994088345757774,-3.2717101360145535,-3.3807981916831857,-7.650000000000001"
10.8,275,Human,3,2,2,482,-10.8,"-0.4343742104473179,-1.310544909108352,-3.4010860355661343,-10.8"
5.533333333333333,276,Human,3,16,44,483,-5.533333333333333,"-2.0322020384827795,-2.3588088655188497,-2.3461401119122955,-5.516666666666667"
7.25,277,Human,2,16,10,484,-7.25,"-3.090547080741988,-2.763940253705918,-7.250000000000001,-3.4902651249070984"
3.7666666666666666,278,Human,3,46,3,487,-3.7666666666666666,"-1.196342755964877,-2.218755075824426,-1.368818095992897,-3.766666666666667"
2.0,280,Human,1,47,20,495,-2.0,"-1.1428099533549922,-2.1166666666666667,-1.196002202176767,-0.9854211663066952"
5.2,281,Human,1,1,1,495,-5.2,"-2.312686139970747,-5.316666666666666,-2.5731115145738723,-2.281932600253924"
7.166666666666667,283,Human,1,4,20,500,-7.166666666666667,"-2.1683864019132817,-7.066666666666666,-3.025720206565452,-2.937635944782986"
3.933333333333333,285,Human,3,49,3,507,-3.933333333333333,"-1.0444144684511674,-1.3555989422406831,-1.564227836562991,-3.85"
3.9833333333333334,288,Human,1,50,12,515,-3.9833333333333334,"-2.133874240841045,-4.416666666666667,-1.873352854460719,-2.3185542179434773"
5.366666666666666,289,Human,3,22,20,515,-5.366666666666666,"-0.9701463882889368,-1.7393959311586409,-1.8274801929411075,-5.366666666666666"
2.533333333333333,293,Human,3,16,46,521,-2.533333333333333,"-1.0737479585066567,-1.357689368043834,-1.3129043410020598,-3.45"
3.6,294,Human,2,7,4,522,-3.6,"-1.864886343306221,-1.7988287179522635,-3.566666666666667,-1.678082377659487"
6.0,295,Human,2,11,20,524,-6.0,"-2.042068634509239,-2.9744706233825418,-6.133333333333334,-2.811318177378943"
5.183333333333334,297,Human,3,17,5,525,-5.183333333333334,"-2.8646166746036066,-3.0890947163602664,-3.110800979859186,-5.1833333333333345"
5.4,299,Human,3,11,5,529,-5.4,"-2.8677705783537313,-3.254480424279143,-3.1453923686105107,-5.316666666666666"
5.133333333333334,300,Human,2,51,20,531,-5.133333333333334,"-0.7279217662586993,-1.5852555709108698,-5.116666666666666,-1.4971713091284031"
6.316666666666666,301,Human,2,4,20,533,-6.316666666666666,"-2.1683864019132817,-3.1007883907865845,-6.383333333333335,-2.937635944782986"
6.483333333333333,306,Human,1,11,20,546,-6.483333333333333,"-2.042068634509239,-6.75,-2.8994024391614093,-2.811318177378943"
7.8,310,Human,1,11,5,551,-7.8,"-2.8677705783537313,-7.8500000000000005,-3.1453923686105107,-3.2359503916757486"
2.15,312,Human,2,52,20,555,-2.15,"-1.08264401512945,-1.0075758309083174,-2.15,-0.9252552280811532"
6.15,313,Human,3,0,2,562,-6.15,"-3.4139336695309184,-2.922096041751225,-3.3088058876766366,-6.133333333333334"
3.1,314,Human,1,0,3,563,-3.1,"-1.1823881499551978,-3.066666666666667,-2.2777800432135815,-1.1234221262299016"
4.683333333333334,316,Human,0,0,2,565,-4.683333333333334,"-4.633333333333334,-2.922096041751225,-3.3088058876766366,-3.2902758550732423"
5.833333333333333,319,Human,3,8,48,578,-5.833333333333333,"-1.977921766258699,-1.7978281737461002,-1.9673146148308136,-5.833333333333334"
8.266666666666667,320,Human,2,36,16,579,-8.266666666666667,"-1.882811271066932,-2.6081423250147893,-8.266666666666667,-2.2522366942239564"
4.866666666666666,321,Human,3,39,9,588,-4.866666666666666,"-1.468130549556035,-1.680627549796016,-1.951856466128568,-4.916666666666667"
7.15,326,Human,3,16,10,603,-7.15,"-3.090547080741988,-2.763940253705918,-3.574272997314521,-7.133333333333334"
4.8,329,Human,3,7,9,610,-4.8,"-1.7825773938084952,-1.9950743940484763,-2.2663033103810277,-4.8"
3.683333333333333,333,Human,2,0,51,615,-3.683333333333333,"-1.980324358275819,-1.9213583345505227,-3.6833333333333336,-2.528550488180625"
3.3833333333333333,337,Human,3,54,1,622,-3.3833333333333333,"-1.6051818855692026,-1.906710848486263,-1.5781669471244222,-3.4000000000000004"
4.95,338,Human,2,11,20,634,-4.95,"-2.042068634509239,-2.9744706233825418,-5.833333333333334,-2.811318177378943"
6.2,341,Human,2,17,5,645,-6.2,"-2.8646166746036066,-3.0890947163602664,-5.1833333333333345,-3.1741623359206894"
5.966666666666667,342,Human,3,56,10,652,-5.966666666666667,"-2.434516533173789,-2.9182424497463213,-2.3311042607117196,-6.000000000000001"
4.8,344,Human,1,0,53,667,-4.8,"-2.189052543574417,-4.8,-2.557232356896434,-3.0490699846761276"
5.766666666666667,346,Human,0,0,2,670,-5.766666666666667,"-5.816666666666666,-2.922096041751225,-3.3088058876766366,-3.2902758550732423"
2.533333333333333,348,Human,3,58,3,674,-2.533333333333333,"-0.5652027837772978,-0.9158103558197936,-1.5547920824197208,-2.45"
5.65,352,Human,3,7,10,676,-5.65,"-2.166112079959818,-2.64983799653235,-2.672077648332595,-5.733333333333333"
3.816666666666667,353,Human,3,7,9,678,-3.816666666666667,"-1.7825773938084952,-1.9950743940484763,-2.2663033103810277,-3.8"
4.0,354,Human,1,0,3,679,-4.0,"-1.1823881499551978,-4.0,-2.2777800432135815,-1.1234221262299016"
4.15,356,Human,3,13,56,680,-4.15,"-2.8813002954961675,-2.468930279095079,-2.8530890109823615,-4.133333333333334"
4.416666666666667,361,Human,1,7,10,684,-4.416666666666667,"-2.166112079959818,-5.416666666666668,-2.672077648332595,-2.600343021574557"
4.066666666666666,362,Human,1,59,10,686,-4.066666666666666,"-1.1758887547829258,-4.1,-1.538799721905556,-1.9861112525530535"
4.183333333333334,366,Human,2,7,9,691,-4.183333333333334,"-1.7825773938084952,-1.9950743940484763,-4.166666666666668,-1.990646748260139"
3.3833333333333333,368,Human,2,47,2,693,-3.3833333333333333,"-1.4092608389648156,-1.489746755433635,-3.2833333333333337,-1.5092792912701438"
3.85,369,Human,3,60,5,694,-3.85,"-1.1312893623972269,-1.4943161281791333,-1.5402334872033767,-3.85"
3.5833333333333335,375,Human,1,0,3,706,-3.5833333333333335,"-1.1823881499551978,-3.6333333333333333,-2.2777800432135815,-1.1234221262299016"
8.15,380,Human,2,61,2,715,-8.15,"-0.5846772258219342,-0.9477039916038408,-8.133333333333333,-1.0965640827965455"
5.85,381,Human,2,62,2,721,-5.85,"-2.2308135349172065,-2.327285817134629,-5.833333333333334,-2.598993348239224"
4.516666666666667,382,Human,2,11,3,726,-4.516666666666667,"-3.0028407475301133,-2.1529037676985836,-4.5,-2.9147564857476467"
4.916666666666667,383,Human,3,63,5,726,-4.916666666666667,"-1.3911927045836332,-1.7779025505090444,-1.7593725179056503,-4.966666666666667"
2.6333333333333333,387,Human,3,65,2,733,-2.6333333333333333,"-1.5444927142923404,-0.8927645788336933,-1.6445111665976686,-2.6500000000000004"
4.033333333333333,388,Human,2,66,1,736,-4.033333333333333,"-2.0896369634967016,-2.1505371911183473,-4.033333333333333,-1.704908586904884"
3.7666666666666666,389,Human,2,16,12,738,-3.7666666666666666,"-1.305934065490847,-1.6908461440731803,-3.7833333333333337,-2.2142289889317857"
5.966666666666667,391,Human,3,67,5,746,-5.966666666666667,"-2.216258699304056,-2.1197864170866336,-2.5064962630120444,-5.950000000000001"
4.3,396,Human,3,32,5,761,-4.3,"-1.4667225277439988,-1.3495560355171583,-1.8297492935259057,-4.316666666666666"
4.65,397,Human,2,17,5,767,-4.65,"-2.8646166746036066,-3.0890947163602664,-4.566666666666666,-3.1741623359206894"
3.9,400,Human,2,7,4,772,-3.9,"-1.864886343306221,-1.7988287179522635,-3.85,-1.678082377659487"
5.716666666666667,402,Human,0,0,5,775,-5.716666666666667,"-5.750000000000001,-2.935654957038002,-3.322364802963414,-3.3038347703600195"
3.8,407,Human,1,0,3,778,-3.8,"-1.1823881499551978,-3.8,-2.2777800432135815,-1.1234221262299016"
4.2,411,Human,2,7,9,780,-4.2,"-1.7825773938084952,-1.9950743940484763,-4.25,-1.990646748260139"
5.866666666666666,412,Human,3,1,10,780,-5.866666666666666,"-3.3614615965477364,-3.5990647969247993,-3.3382434539991404,-5.65"
3.6,414,Human,0,7,4,782,-3.6,"-3.533333333333333,-1.7988287179522635,-1.9856326835989977,-1.678082377659487"
4.733333333333333,415,Human,3,4,4,783,-4.733333333333333,"-0.7569475407300825,-1.2353689903372562,-0.9474240451839836,-4.783333333333333"
5.316666666666666,416,Human,3,7,10,784,-5.316666666666666,"-2.166112079959818,-2.64983799653235,-2.672077648332595,-5.3500000000000005"
3.566666666666667,417,Human,0,7,4,786,-3.566666666666667,"-3.5000000000000004,-1.7988287179522635,-1.9856326835989977,-1.678082377659487"
5.75,419,Human,1,7,10,788,-5.75,"-2.166112079959818,-5.65,-2.672077648332595,-2.600343021574557"
4.616666666666666,420,Human,0,11,3,789,-4.616666666666666,"-4.583333333333333,-2.1529037676985836,-3.0853057565718864,-2.9147564857476467"
5.816666666666666,423,Human,2,11,3,794,-5.816666666666666,"-3.0028407475301133,-2.1529037676985836,-4.883333333333334,-2.9147564857476467"
8.533333333333333,427,Human,3,0,5,801,-8.533333333333333,"-3.4274925848176956,-2.935654957038002,-3.322364802963414,-8.4"
7.1,433,Human,0,0,5,807,-7.1,"-6.983333333333333,-2.935654957038002,-3.322364802963414,-3.3038347703600195"
5.233333333333333,434,Human,0,0,5,807,-5.233333333333333,"-5.300000000000001,-2.935654957038002,-3.322364802963414,-3.3038347703600195"
4.7,437,Human,3,1,1,815,-4.7,"-2.312686139970747,-2.576207266913685,-2.5731115145738723,-4.666666666666667"
6.716666666666667,438,Human,3,17,5,816,-6.716666666666667,"-2.8646166746036066,-3.0890947163602664,-3.110800979859186,-7.983333333333333"
4.3,439,Human,1,71,2,816,-4.3,"-2.7795076705988366,-4.283333333333333,-3.147687483920854,-2.533444997869558"
4.4,440,Human,1,1,1,817,-4.4,"-2.312686139970747,-5.816666666666666,-2.5731115145738723,-2.281932600253924"
7.833333333333333,441,Human,3,17,5,818,-7.833333333333333,"-2.8646166746036066,-3.0890947163602664,-3.110800979859186,-7.833333333333333"
4.6,443,Human,1,4,20,820,-4.6,"-2.1683864019132817,-4.450000000000001,-3.025720206565452,-2.937635944782986"
6.583333333333333,444,Human,2,1,10,822,-6.583333333333333,"-3.3614615965477364,-3.5990647969247993,-6.583333333333333,-3.632518120658901"
4.333333333333333,445,Human,2,0,61,822,-4.333333333333333,"-1.055274338267816,-0.9963083145425196,-4.266666666666667,-1.763619515480778"
4.616666666666666,446,Human,2,0,62,824,-4.616666666666666,"-1.217581334500434,-1.158615310775138,-4.6,-2.028803505154153"
3.4833333333333334,449,Human,0,8,63,840,-3.4833333333333334,"-3.483333333333334,-1.924118819594072,-1.9452731272494597,-1.8156566730363848"
2.966666666666667,451,Human,0,64,64,851,-2.966666666666667,"-2.316666666666667,-1.3315253997066556,-1.3924256273283022,-0.9467970231148384"
3.1666666666666665,454,Human,0,8,65,856,-3.1666666666666665,"-3.1333333333333337,-1.217119662839938,-1.3019743246470654,-1.3340905980822857"
6.233333333333333,455,Human,2,4,3,859,-6.233333333333333,"-3.129158514934156,-2.2792215351026264,-6.233333333333334,-3.0410742531516894"
4.383333333333334,459,Human,2,7,9,861,-4.383333333333334,"-1.7825773938084952,-1.9950743940484763,-4.4,-1.990646748260139"
7.016666666666667,460,Human,1,74,10,862,-7.016666666666667,"-2.1805709232523545,-7.016666666666667,-2.6148018648670934,-2.686536491625132"
8.45,462,Human,3,1,10,864,-8.45,"-3.3614615965477364,-3.5990647969247993,-3.3382434539991404,-7.55"
5.0,463,Human,1,1,1,866,-5.0,"-2.312686139970747,-5.05,-2.5731115145738723,-2.281932600253924"
5.483333333333333,464,Human,3,75,1,869,-5.483333333333333,"-2.242157971900063,-2.303058199521709,-1.8574295953082456,-5.5"
3.716666666666667,465,Human,1,7,1,870,-3.716666666666667,"-2.4319596484486463,-3.716666666666667,-2.7520220434570457,-2.6890422095409225"
5.1,466,Human,2,1,1,870,-5.1,"-2.312686139970747,-2.576207266913685,-5.1,-2.281932600253924"
9.566666666666666,467,Human,3,7,66,873,-9.566666666666666,"-3.2596615781713663,-3.4863049336516223,-5.813269184770935,-8.716666666666667"
4.9,470,Human,1,1,1,876,-4.9,"-2.312686139970747,-5.033333333333333,-2.5731115145738723,-2.281932600253924"
2.45,473,Human,0,67,67,884,-2.45,"-2.55,-1.7646495315188713,-1.6600756501304623,-1.756547932347885"
6.85,477,Human,1,1,10,890,-6.85,"-3.3614615965477364,-7.083333333333334,-3.3382434539991404,-3.632518120658901"
4.75,478,Human,1,1,1,892,-4.75,"-2.312686139970747,-4.783333333333333,-2.5731115145738723,-2.281932600253924"
6.25,480,Human,2,1,1,894,-6.25,"-2.312686139970747,-2.576207266913685,-6.066666666666666,-2.281932600253924"
6.083333333333333,481,Human,3,0,4,895,-6.083333333333333,"-1.3709456896017258,-1.3119796658764298,-1.8966716315263716,-5.916666666666667"
5.516666666666667,487,Human,0,0,5,898,-5.516666666666667,"-5.45,-2.935654957038002,-3.322364802963414,-3.3038347703600195"
6.533333333333333,488,Human,2,76,20,899,-6.533333333333333,"-1.0406798140422475,-1.684135526060676,-5.783333333333333,-1.898013618694418"
5.133333333333334,490,Human,1,4,5,900,-5.133333333333334,"-2.994088345757774,-5.166666666666667,-3.3807981916831857,-3.3622681590797914"
3.1166666666666667,493,Human,2,0,12,902,-3.1166666666666667,"-0.6014363739964341,-0.5424703502711379,-3.1666666666666665,-1.713404386543426"
6.433333333333334,495,Human,0,0,2,904,-6.433333333333334,"-6.466666666666667,-2.922096041751225,-3.3088058876766366,-3.2902758550732423"
6.95,497,Human,1,4,5,905,-6.95,"-2.994088345757774,-5.15,-3.3807981916831857,-3.3622681590797914"
6.65,498,Human,1,4,5,907,-6.65,"-2.994088345757774,-5.066666666666667,-3.3807981916831857,-3.3622681590797914"
7.95,499,Human,3,0,2,907,-7.95,"-3.4139336695309184,-2.922096041751225,-3.3088058876766366,-9.3"
7.783333333333333,501,Human,2,0,5,911,-7.783333333333333,"-3.4274925848176956,-2.935654957038002,-9.2,-3.3038347703600195"
6.466666666666667,504,Human,0,0,5,913,-6.466666666666667,"-6.633333333333335,-2.935654957038002,-3.322364802963414,-3.3038347703600195"
6.333333333333333,506,Human,0,0,5,920,-6.333333333333333,"-6.483333333333334,-2.935654957038002,-3.322364802963414,-3.3038347703600195"
9.15,509,Human,2,0,5,923,-9.15,"-3.4274925848176956,-2.935654957038002,-9.133333333333333,-3.3038347703600195"
6.35,510,Human,2,0,72,923,-6.35,"-3.0488114507369937,-2.7386137647511517,-6.216666666666667,-3.540649078516687"
6.416666666666667,512,Human,0,0,5,930,-6.416666666666667,"-6.383333333333335,-2.935654957038002,-3.322364802963414,-3.3038347703600195"
7.433333333333334,514,Human,2,24,10,931,-7.433333333333334,"-2.645322698692552,-2.602657281193659,-4.8,-3.0450407428576627"
6.616666666666666,516,Human,0,1,73,938,-6.616666666666666,"-6.833333333333334,-2.718723256041077,-2.7525725480977123,-3.036216065249434"
5.233333333333333,517,Human,2,79,1,942,-5.233333333333333,"-1.3472945185967855,-2.0011973612313194,-5.25,-1.664141084540575"
7.383333333333334,523,Human,1,1,10,957,-7.383333333333334,"-3.3614615965477364,-7.383333333333334,-3.3382434539991404,-3.632518120658901"
3.7,525,Human,1,1,75,959,-3.7,"-1.639056875449964,-3.566666666666667,-1.6465922726181903,-1.6359611231101512"
5.35,526,Human,1,1,1,964,-5.35,"-2.312686139970747,-5.1833333333333345,-2.5731115145738723,-2.281932600253924"
5.366666666666666,529,Human,2,4,5,969,-5.366666666666666,"-2.994088345757774,-3.2717101360145535,-5.433333333333334,-3.3622681590797914"
5.033333333333333,530,Human,2,1,1,970,-5.033333333333333,"-2.312686139970747,-2.576207266913685,-4.933333333333334,-2.281932600253924"
7.716666666666667,533,Human,2,0,2,974,-7.716666666666667,"-3.4139336695309184,-2.922096041751225,-7.9,-3.2902758550732423"
5.75,535,Human,3,11,3,978,-5.75,"-3.0028407475301133,-2.1529037676985836,-3.0853057565718864,-4.633333333333334"
6.966666666666667,536,Human,3,55,5,981,-6.966666666666667,"-2.4304206347765893,-2.817130480702001,-2.7986004480986058,-6.9"
5.433333333333334,540,Human,2,11,5,990,-5.433333333333334,"-2.8677705783537313,-3.254480424279143,-5.316666666666666,-3.2359503916757486"
5.516666666666667,541,Human,2,11,3,994,-5.516666666666667,"-3.0028407475301133,-2.1529037676985836,-5.483333333333333,-2.9147564857476467"
6.666666666666667,544,Human,3,11,5,1000,-6.666666666666667,"-2.8677705783537313,-3.254480424279143,-3.1453923686105107,-6.550000000000001"
7.916666666666667,554,Human,3,0,2,1009,-7.916666666666667,"-3.4139336695309184,-2.922096041751225,-3.3088058876766366,-7.800000000000001"
7.216666666666667,556,Human,2,0,2,1011,-7.216666666666667,"-3.4139336695309184,-2.922096041751225,-7.383333333333334,-3.2902758550732423"
8.583333333333334,557,Human,1,17,3,1014,-8.583333333333334,"-5.098356671708259,-8.6,-5.6902230943032155,-5.750044733542064"
9.933333333333334,558,Human,3,4,76,1016,-9.933333333333334,"-1.1399071933012757,-2.913528296418782,-1.5470641076968188,-9.783333333333333"
5.6,563,Human,0,4,52,1033,-5.6,"-5.616666666666666,-2.9204053644643277,-2.892494199998542,-2.739209547586237"
7.083333333333333,565,Human,3,1,10,1041,-7.083333333333333,"-3.3614615965477364,-3.5990647969247993,-3.3382434539991404,-7.316666666666666"
5.3,567,Human,1,1,1,1046,-5.3,"-2.312686139970747,-5.2,-2.5731115145738723,-2.281932600253924"
6.916666666666667,574,Human,1,11,5,1055,-6.916666666666667,"-2.8677705783537313,-5.316666666666666,-3.1453923686105107,-3.2359503916757486"
5.3,576,Human,0,1,1,1058,-5.3,"-5.300000000000001,-2.576207266913685,-2.5731115145738723,-2.281932600253924"
3.816666666666667,583,Human,2,1,81,1065,-3.816666666666667,"-2.209678207485738,-1.9154035408259773,-3.8,-2.224141550068551"
4.8,586,Human,0,7,1,1070,-4.8,"-4.616666666666667,-2.2053162929683903,-2.7520220434570457,-2.6890422095409225"
5.3,590,Human,3,4,5,1078,-5.3,"-2.994088345757774,-3.2717101360145535,-3.3807981916831857,-5.366666666666666"
5.3,592,Human,0,4,5,1080,-5.3,"-5.300000000000001,-3.2717101360145535,-3.3807981916831857,-3.3622681590797914"
5.083333333333333,593,Human,2,4,12,1081,-5.083333333333333,"-2.5608413228649667,-2.582830118383174,-5.05,-2.169403667889369"
5.066666666666666,594,Human,3,4,2,1084,-5.066666666666666,"-2.980529430470997,-3.2581512207277763,-3.3672392763964085,-5.1"
6.433333333333334,596,Human,3,87,5,1090,-6.433333333333334,"-2.545054613452706,-2.3097986824265884,-2.589247078055538,-6.416666666666667"
5.266666666666667,597,Human,3,17,5,1090,-5.266666666666667,"-2.8646166746036066,-3.0890947163602664,-3.110800979859186,-5.283333333333333"
3.816666666666667,598,Human,1,88,5,1091,-3.816666666666667,"-1.5607982429832985,-3.8166666666666673,-1.831196611113848,-1.8069825482388775"
6.966666666666667,599,Human,0,4,3,1092,-6.966666666666667,"-6.933333333333334,-2.2792215351026264,-3.211623523975929,-3.0410742531516894"
5.883333333333334,600,Human,2,11,3,1092,-5.883333333333334,"-3.0028407475301133,-2.1529037676985836,-5.383333333333335,-2.9147564857476467"
3.8833333333333333,601,Human,1,11,83,1095,-3.8833333333333333,"-1.2336693064554831,-3.9166666666666665,-1.2001864981314545,-1.4417386609071272"
4.033333333333333,605,Human,2,89,2,1107,-4.033333333333333,"-2.364801615390577,-1.7130734799319298,-3.933333333333333,-2.464820067695905"
5.483333333333333,606,Human,1,1,1,1107,-5.483333333333333,"-2.312686139970747,-5.483333333333333,-2.5731115145738723,-2.281932600253924"
5.5,607,Human,3,90,9,1109,-5.5,"-2.1299694103703395,-2.34246641061032,-2.613695326942872,-5.45"
4.283333333333333,609,Human,0,16,30,1113,-4.283333333333333,"-4.283333333333333,-3.0115661815482135,-3.1983701471949475,-2.890819841255437"
6.1,612,Human,3,92,2,1119,-6.1,"-3.2789057307588263,-3.665615576684238,-3.647085544080843,-4.9"
6.4,614,Human,2,4,3,1123,-6.4,"-3.129158514934156,-2.2792215351026264,-6.366666666666667,-3.0410742531516894"
6.0,615,Human,0,0,2,1124,-6.0,"-6.033333333333334,-2.922096041751225,-3.3088058876766366,-3.2902758550732423"
7.85,616,Human,2,4,84,1124,-7.85,"-2.5756242031480716,-2.4446289993111416,-8.083333333333334,-1.8798320462601796"
6.066666666666666,617,Human,3,4,85,1126,-6.066666666666666,"-1.1982400136243447,-1.434980036967922,-1.486571460159927,-4.733333333333334"
3.966666666666667,618,Human,1,0,3,1128,-3.966666666666667,"-1.1823881499551978,-3.9666666666666672,-2.2777800432135815,-1.1234221262299016"
6.2,620,Human,0,11,3,1132,-6.2,"-6.183333333333334,-2.1529037676985836,-3.0853057565718864,-2.9147564857476467"
2.55,622,Human,1,93,2,1139,-2.55,"-1.182258072415431,-2.5,-1.2153039617574892,-1.3674059976762485"
7.033333333333333,624,Human,2,27,2,1140,-7.033333333333333,"-2.505727877904222,-2.8924377238296333,-5.616666666666666,-2.678559631195891"
5.85,627,Human,0,94,3,1152,-5.85,"-4.9,-1.6980321574274062,-2.555365962079577,-2.3340910446251937"
6.016666666666667,628,Human,0,4,3,1152,-6.016666666666667,"-6.000000000000001,-2.2792215351026264,-3.211623523975929,-3.0410742531516894"
5.833333333333333,629,Human,3,4,3,1155,-5.833333333333333,"-3.129158514934156,-2.2792215351026264,-3.211623523975929,-5.833333333333334"
5.45,630,Human,0,16,9,1157,-5.45,"-5.433333333333334,-2.919509394830646,-2.664346977091773,-2.380405567554595"
4.95,641,Human,3,53,9,1173,-4.95,"-1.2222766661115356,-2.0556635469162465,-1.4347736663515167,-6.583333333333333"
7.383333333333334,643,Human,2,11,4,1173,-7.383333333333334,"-1.3366166781647015,-1.287694329126342,-7.416666666666667,-1.4412286218788632"
6.566666666666666,644,Human,2,11,2,1175,-6.566666666666666,"-2.854211663066954,-3.2409215089923658,-6.550000000000001,-3.2223914763889714"
11.15,646,Human,3,4,76,1177,-11.15,"-1.1399071933012757,-2.913528296418782,-1.5470641076968188,-11.483333333333333"
3.316666666666667,648,Human,1,0,3,1182,-3.316666666666667,"-1.1823881499551978,-3.416666666666667,-2.2777800432135815,-1.1234221262299016"
5.233333333333333,650,Human,2,11,3,1194,-5.233333333333333,"-3.0028407475301133,-2.1529037676985836,-5.216666666666667,-2.9147564857476467"
9.633333333333333,651,Human,1,17,3,1197,-9.633333333333333,"-5.098356671708259,-11.133333333333333,-5.6902230943032155,-5.750044733542064"
11.1,652,Human,1,17,3,1198,-11.1,"-5.098356671708259,-11.116666666666667,-5.6902230943032155,-5.750044733542064"
3.0833333333333335,654,Human,3,98,9,1207,-3.0833333333333335,"-1.2667730887468898,-1.3875194290396662,-1.2277695123633334,-3.0833333333333335"
7.033333333333333,655,Human,0,64,20,1208,-7.033333333333333,"-5.65,-4.084231669655602,-3.992187321318715,-3.8601020177948584"
5.366666666666666,656,Human,2,4,3,1211,-5.366666666666666,"-3.129158514934156,-2.2792215351026264,-5.316666666666666,-3.0410742531516894"
3.35,657,Human,2,7,9,1212,-3.35,"-1.7825773938084952,-1.9950743940484763,-3.333333333333334,-1.990646748260139"
7.616666666666666,658,Human,3,11,65,1212,-7.616666666666666,"-1.9988451248029808,-2.416475690348133,-2.27646691505976,-6.3"
3.7,659,Human,3,7,9,1214,-3.7,"-1.7825773938084952,-1.9950743940484763,-2.2663033103810277,-3.7000000000000006"
4.483333333333333,660,Human,2,7,9,1215,-4.483333333333333,"-1.7825773938084952,-1.9950743940484763,-4.483333333333333,-1.990646748260139"
5.066666666666666,661,Human,2,7,1,1217,-5.066666666666666,"-2.4319596484486463,-2.2053162929683903,-5.05,-2.6890422095409225"
5.316666666666666,664,Human,0,4,12,1220,-5.316666666666666,"-4.916666666666667,-2.582830118383174,-2.554918953917388,-2.169403667889369"
4.266666666666667,666,Human,2,7,9,1223,-4.266666666666667,"-1.7825773938084952,-1.9950743940484763,-4.266666666666667,-1.990646748260139"
5.75,669,Human,1,7,10,1226,-5.75,"-2.166112079959818,-5.750000000000001,-2.672077648332595,-2.600343021574557"
6.133333333333334,670,Human,3,4,3,1229,-6.133333333333334,"-3.129158514934156,-2.2792215351026264,-3.211623523975929,-6.1"
4.7,672,Human,3,7,90,1231,-4.7,"-1.5487070134029135,-1.3619030477561798,-1.870772210972222,-4.8"
6.0,673,Human,1,4,3,1232,-6.0,"-3.129158514934156,-6.000000000000001,-3.211623523975929,-3.0410742531516894"
6.683333333333334,675,Human,3,7,91,1235,-6.683333333333334,"-1.8777097604237256,-2.3614356769962574,-2.3836753287965027,-5.683333333333334"
7.616666666666666,676,Human,0,4,3,1236,-7.616666666666666,"-8.033333333333333,-2.2792215351026264,-3.211623523975929,-3.0410742531516894"
4.55,678,Human,3,11,3,1239,-4.55,"-3.0028407475301133,-2.1529037676985836,-3.0853057565718864,-4.566666666666666"
8.716666666666667,680,Human,2,99,10,1243,-8.716666666666667,"-1.5162475387464285,-3.106474118624299,-9.666666666666666,-3.487175251340106"
5.5,681,Human,3,100,10,1243,-5.5,"-3.2504584767973164,-3.3089897942919166,-3.0263288249365723,-5.5"
2.6,682,Human,3,49,3,1244,-2.6,"-1.0444144684511674,-1.3555989422406831,-1.564227836562991,-3.5166666666666666"
6.666666666666667,683,Human,3,7,10,1244,-6.666666666666667,"-2.166112079959818,-2.64983799653235,-2.672077648332595,-6.75"
4.65,684,Human,0,11,3,1244,-4.65,"-4.65,-2.1529037676985836,-3.0853057565718864,-2.9147564857476467"
4.783333333333333,685,Human,1,16,9,1244,-4.783333333333333,"-2.7070123945906657,-4.466666666666667,-2.664346977091773,-2.380405567554595"
5.433333333333334,689,Human,2,7,9,1247,-5.433333333333334,"-1.7825773938084952,-1.9950743940484763,-5.433333333333334,-1.990646748260139"
5.9,695,Human,1,11,2,1263,-5.9,"-2.854211663066954,-5.85,-3.1318334533237335,-3.2223914763889714"
6.95,696,Human,2,4,3,1265,-6.95,"-3.129158514934156,-2.2792215351026264,-7.000000000000001,-3.0410742531516894"
3.15,697,Human,2,0,3,1269,-3.15,"-1.1823881499551978,-2.2557912476953743,-3.1666666666666665,-1.1234221262299016"
4.483333333333333,700,Human,2,0,3,1278,-4.483333333333333,"-1.1823881499551978,-2.2557912476953743,-4.583333333333333,-1.1234221262299016"
5.95,703,Human,1,4,20,1286,-5.95,"-2.1683864019132817,-6.7666666666666675,-3.025720206565452,-2.937635944782986"
2.033333333333333,707,Human,2,16,3,1294,-2.033333333333333,"-0.7148556038686171,-1.09976768245095,-2.05,-0.6238540916726661"
6.65,708,Human,3,4,20,1298,-6.65,"-2.1683864019132817,-3.1007883907865845,-3.025720206565452,-5.6"
4.15,709,Human,2,7,4,1298,-4.15,"-1.864886343306221,-1.7988287179522635,-4.166666666666668,-1.678082377659487"
4.25,710,Human,3,7,77,1300,-4.25,"-0.9758850120321708,-1.090357208398118,-1.8215244773215264,-4.433333333333334"
5.0,711,Human,3,11,3,1301,-5.0,"-3.0028407475301133,-2.1529037676985836,-3.0853057565718864,-5.4"
5.616666666666666,713,Human,1,7,10,1304,-5.616666666666666,"-2.166112079959818,-5.666666666666668,-2.672077648332595,-2.600343021574557"
5.2,717,Human,2,11,4,1309,-5.2,"-1.3366166781647015,-1.287694329126342,-5.1833333333333345,-1.4412286218788632"
3.6166666666666667,718,Human,1,7,4,1309,-3.6166666666666667,"-1.864886343306221,-3.616666666666667,-1.9856326835989977,-1.678082377659487"
4.566666666666666,719,Human,1,4,89,1310,-4.566666666666666,"-1.6442203351986189,-4.766666666666667,-2.279533510144623,-1.6107375268745896"
4.4,720,Human,0,64,10,1311,-4.4,"-4.4,-1.8622158612806257,-1.801315633658979,-1.4165872570671618"
4.766666666666667,721,Human,3,8,95,1314,-4.766666666666667,"-2.395616216248919,-2.0690093892128485,-2.352950798750026,-4.583333333333333"
5.25,722,Human,1,11,2,1314,-5.25,"-2.854211663066954,-6.583333333333333,-3.1318334533237335,-3.2223914763889714"
7.483333333333333,723,Human,2,7,10,1315,-7.483333333333333,"-2.166112079959818,-2.64983799653235,-7.483333333333334,-2.600343021574557"
4.916666666666667,724,Human,1,8,2,1316,-4.916666666666667,"-0.3414566834653227,-4.916666666666667,-1.2176273821263566,-1.7584710486066275"
6.95,725,Human,2,7,10,1316,-6.95,"-2.166112079959818,-2.64983799653235,-7.283333333333334,-2.600343021574557"
5.266666666666667,726,Human,1,11,2,1317,-5.266666666666667,"-2.854211663066954,-6.45,-3.1318334533237335,-3.2223914763889714"
5.083333333333333,728,Human,0,11,3,1318,-5.083333333333333,"-6.083333333333334,-2.1529037676985836,-3.0853057565718864,-2.9147564857476467"
4.083333333333333,729,Human,2,8,96,1320,-4.083333333333333,"-1.4282105354740886,-1.813122614056422,-4.183333333333334,-2.336505458915027"
5.05,731,Human,2,11,3,1323,-5.05,"-3.0028407475301133,-2.1529037676985836,-4.983333333333333,-2.9147564857476467"
8.966666666666667,733,Human,2,17,3,1325,-8.966666666666667,"-5.098356671708259,-6.008115290778637,-8.966666666666667,-5.750044733542064"
4.283333333333333,734,Human,2,7,9,1326,-4.283333333333333,"-1.7825773938084952,-1.9950743940484763,-4.35,-1.990646748260139"
5.916666666666667,735,Human,2,11,3,1328,-5.916666666666667,"-3.0028407475301133,-2.1529037676985836,-5.983333333333334,-2.9147564857476467"
6.666666666666667,742,Human,3,7,10,1337,-6.666666666666667,"-2.166112079959818,-2.64983799653235,-2.672077648332595,-6.550000000000001"
5.5,744,Human,1,4,20,1338,-5.5,"-2.1683864019132817,-6.583333333333333,-3.025720206565452,-2.937635944782986"
5.333333333333333,745,Human,2,7,9,1339,-5.333333333333333,"-1.7825773938084952,-1.9950743940484763,-5.333333333333333,-1.990646748260139"
5.733333333333333,747,Human,2,4,20,1341,-5.733333333333333,"-2.1683864019132817,-3.1007883907865845,-6.383333333333335,-2.937635944782986"
3.466666666666667,750,Human,3,73,5,1349,-3.466666666666667,"-0.9460763138948884,-1.924233926832072,-1.309103079676795,-3.466666666666667"
5.483333333333333,751,Human,2,17,5,1349,-5.483333333333333,"-2.8646166746036066,-3.0890947163602664,-5.416666666666668,-3.1741623359206894"
6.633333333333334,752,Human,3,103,9,1354,-6.633333333333334,"-2.35033597312215,-2.986794296068046,-2.5628329733621302,-6.6833333333333345"
4.066666666666666,754,Human,3,17,16,1359,-4.066666666666666,"-0.6245371438712273,-1.5213476666414865,-1.7234807818015612,-4.050000000000001"
3.4,755,Human,1,0,3,1361,-3.4,"-1.1823881499551978,-3.2833333333333337,-2.2777800432135815,-1.1234221262299016"
4.766666666666667,756,Human,1,104,5,1365,-4.766666666666667,"-0.4807112333774402,-4.75,-1.4726468125046994,-1.955458482889196"
3.4166666666666665,757,Human,2,10,5,1366,-3.4166666666666665,"-1.0720422366210702,-1.435069002402977,-3.416666666666667,-1.8497216021037648"
7.783333333333333,758,Human,3,8,10,1375,-7.783333333333333,"-3.23563947335058,-2.9090326463145093,-3.1982848262424675,-7.9"
6.9,760,Human,2,8,9,1376,-6.9,"-2.525497960163187,-2.8521047871992575,-6.733333333333333,-2.8394360335927034"
7.116666666666666,761,Human,3,16,4,1377,-7.116666666666666,"-2.789321344088391,-2.602517378441657,-2.7232637187344335,-7.050000000000001"
8.166666666666666,764,Human,0,8,97,1380,-8.166666666666666,"-8.166666666666666,-3.1322272008885097,-3.319031166535244,-3.011480860595733"
8.933333333333334,766,Human,3,8,10,1381,-8.933333333333334,"-3.23563947335058,-2.9090326463145093,-3.1982848262424675,-8.933333333333334"
5.05,767,Human,3,0,98,1381,-5.05,"-2.221100121424851,-2.7129377492045443,-2.1621340976995547,-5.066666666666667"
4.033333333333333,772,Human,3,7,9,1385,-4.033333333333333,"-1.7825773938084952,-1.9950743940484763,-2.2663033103810277,-3.9166666666666665"
5.9,774,Human,3,0,2,1386,-5.9,"-3.4139336695309184,-2.922096041751225,-3.3088058876766366,-5.85"
4.15,776,Human,1,0,3,1388,-4.15,"-1.1823881499551978,-2.916666666666667,-2.2777800432135815,-1.1234221262299016"
4.2,779,Human,2,0,3,1390,-4.2,"-1.1823881499551978,-2.2557912476953743,-4.1,-1.1234221262299016"
6.25,781,Human,1,4,55,1393,-6.25,"-1.4404646356545825,-5.216666666666667,-1.6772046589981595,-1.7287960821901645"
5.95,783,Human,3,8,9,1397,-5.95,"-2.525497960163187,-2.8521047871992575,-3.064601787439238,-6.5"
8.583333333333334,786,Human,3,8,10,1403,-8.583333333333334,"-3.23563947335058,-2.9090326463145093,-3.1982848262424675,-8.583333333333334"
4.65,788,Human,2,8,99,1404,-4.65,"-2.5758445782920796,-2.563175824685526,-4.783333333333333,-2.6319427987177586"
6.866666666666666,792,Human,2,7,10,1409,-6.866666666666666,"-2.166112079959818,-2.64983799653235,-7.250000000000001,-2.600343021574557"
3.433333333333333,793,Human,2,105,1,1409,-3.433333333333333,"-2.2266564509172997,-2.1996415124725193,-3.433333333333333,-2.312785560588526"
7.15,794,Human,2,7,10,1410,-7.15,"-2.166112079959818,-2.64983799653235,-7.266666666666667,-2.600343021574557"
5.733333333333333,797,Human,2,7,9,1412,-5.733333333333333,"-1.7825773938084952,-1.9950743940484763,-4.483333333333333,-1.990646748260139"
4.066666666666666,798,Human,0,7,9,1414,-4.066666666666666,"-4.216666666666667,-1.9950743940484763,-2.2663033103810277,-1.990646748260139"
5.066666666666666,799,Human,2,11,20,1414,-5.066666666666666,"-2.042068634509239,-2.9744706233825418,-5.783333333333333,-2.811318177378943"
5.716666666666667,800,Human,2,50,9,1415,-5.716666666666667,"-1.954836880756622,-2.1673338809966025,-5.700000000000001,-2.2192661746579345"
6.316666666666666,803,Human,1,11,2,1417,-6.316666666666666,"-2.854211663066954,-6.333333333333333,-3.1318334533237335,-3.2223914763889714"
6.766666666666667,804,Human,1,7,10,1417,-6.766666666666667,"-2.166112079959818,-6.7,-2.672077648332595,-2.600343021574557"
5.65,805,Human,2,7,9,1419,-5.65,"-1.7825773938084952,-1.9950743940484763,-5.566666666666666,-1.990646748260139"
2.966666666666667,806,Human,1,107,20,1419,-2.966666666666667,"-0.6214662826973841,-2.5833333333333335,-1.4788000873495548,-1.5538682715706875"
3.933333333333333,810,Human,2,7,100,1422,-3.933333333333333,"-1.1565172649333313,-2.0964138571195217,-3.933333333333333,-2.0364631093618155"
6.283333333333333,812,Human,2,16,4,1425,-6.283333333333333,"-2.789321344088391,-2.602517378441657,-6.550000000000001,-2.9100676843811675"
4.983333333333333,813,Human,3,7,9,1426,-4.983333333333333,"-1.7825773938084952,-1.9950743940484763,-2.2663033103810277,-4.783333333333333"
5.016666666666667,814,Human,1,11,20,1426,-5.016666666666667,"-2.042068634509239,-5.4,-2.8994024391614093,-2.811318177378943"
4.6,815,Human,2,108,4,1428,-4.6,"-1.849863703580784,-1.7291173632880077,-4.6,-2.4432623301300356"
5.55,816,Human,2,7,9,1428,-5.55,"-1.7825773938084952,-1.9950743940484763,-5.5,-1.990646748260139"
5.116666666666666,818,Human,2,4,20,1431,-5.116666666666666,"-2.1683864019132817,-3.1007883907865845,-5.750000000000001,-2.937635944782986"
5.116666666666666,819,Human,0,49,2,1431,-5.116666666666666,"-5.233333333333333,-2.272084528555843,-3.217755511131738,-2.5832690023453586"
5.366666666666666,820,Human,1,4,20,1434,-5.366666666666666,"-2.1683864019132817,-5.6,-3.025720206565452,-2.937635944782986"
7.933333333333334,821,Human,0,1,10,1435,-7.933333333333334,"-7.966666666666668,-3.5990647969247993,-3.3382434539991404,-3.632518120658901"
5.366666666666666,822,Human,1,11,20,1436,-5.366666666666666,"-2.042068634509239,-5.6,-2.8994024391614093,-2.811318177378943"
5.483333333333333,825,Human,3,17,5,1442,-5.483333333333333,"-2.8646166746036066,-3.0890947163602664,-3.110800979859186,-5.416666666666668"
5.9,826,Human,1,11,2,1442,-5.9,"-2.854211663066954,-6.200000000000001,-3.1318334533237335,-3.2223914763889714"
4.516666666666667,829,Human,3,1,1,1446,-4.516666666666667,"-2.312686139970747,-2.576207266913685,-2.5731115145738723,-4.450000000000001"
6.466666666666667,834,Human,1,4,20,1455,-6.466666666666667,"-2.1683864019132817,-6.483333333333334,-3.025720206565452,-2.937635944782986"
6.733333333333333,836,Human,2,4,20,1457,-6.733333333333333,"-2.1683864019132817,-3.1007883907865845,-6.65,-2.937635944782986"
5.55,837,Human,2,11,4,1458,-5.55,"-1.3366166781647015,-1.287694329126342,-5.566666666666666,-1.4412286218788632"
7.883333333333334,838,Human,1,1,10,1463,-7.883333333333334,"-3.3614615965477364,-7.533333333333334,-3.3382434539991404,-3.632518120658901"
9.0,841,Human,3,8,10,1466,-9.0,"-3.23563947335058,-2.9090326463145093,-3.1982848262424675,-8.933333333333334"
6.7,843,Human,2,8,10,1468,-6.7,"-3.23563947335058,-2.9090326463145093,-6.7,-3.719365389923112"
6.966666666666667,845,Human,2,8,9,1470,-6.966666666666667,"-2.525497960163187,-2.8521047871992575,-6.966666666666668,-2.8394360335927034"
5.45,846,Human,3,11,20,1470,-5.45,"-2.042068634509239,-2.9744706233825418,-2.8994024391614093,-6.7666666666666675"
5.616666666666666,847,Human,1,1,1,1470,-5.616666666666666,"-2.312686139970747,-4.316666666666666,-2.5731115145738723,-2.281932600253924"
5.95,852,Human,0,0,2,1478,-5.95,"-5.85,-2.922096041751225,-3.3088058876766366,-3.2902758550732423"
6.0,855,Human,3,109,20,1482,-6.0,"-2.088632996119916,-2.9459668007720867,-2.8578825389896196,-6.000000000000001"
6.083333333333333,857,Human,1,7,10,1487,-6.083333333333333,"-2.166112079959818,-6.05,-2.672077648332595,-2.600343021574557"
3.6,859,Human,3,32,2,1489,-3.6,"-1.4531636124572218,-1.3359971202303815,-1.8161903782391289,-3.6333333333333333"
7.25,861,Human,3,7,10,1491,-7.25,"-2.166112079959818,-2.64983799653235,-2.672077648332595,-7.283333333333334"
3.2666666666666666,862,Human,3,0,102,1492,-3.2666666666666666,"-1.8786236780037104,-2.0879674154987087,-2.0659786199805015,-3.3000000000000003"
5.716666666666667,866,Human,1,8,9,1498,-5.716666666666667,"-2.525497960163187,-5.716666666666667,-3.064601787439238,-2.8394360335927034"
6.866666666666666,870,Human,1,7,10,1503,-6.866666666666666,"-2.166112079959818,-5.816666666666666,-2.672077648332595,-2.600343021574557"
5.266666666666667,874,Human,1,11,20,1517,-5.266666666666667,"-2.042068634509239,-5.2,-2.8994024391614093,-2.811318177378943"
2.1166666666666667,875,Human,2,37,81,1517,-2.1166666666666667,"-1.1718545301489924,-1.412006184763322,-2.1333333333333333,-1.6552114438287913"
7.033333333333333,880,Human,3,1,10,1521,-7.033333333333333,"-3.3614615965477364,-3.5990647969247993,-3.3382434539991404,-7.016666666666667"
5.4,881,Human,1,11,20,1523,-5.4,"-2.042068634509239,-6.083333333333334,-2.8994024391614093,-2.811318177378943"
6.616666666666666,883,Human,2,11,20,1526,-6.616666666666666,"-2.042068634509239,-2.9744706233825418,-6.883333333333335,-2.811318177378943"
5.233333333333333,885,Human,1,4,20,1531,-5.233333333333333,"-2.1683864019132817,-5.383333333333335,-3.025720206565452,-2.937635944782986"
7.033333333333333,887,Human,0,4,3,1536,-7.033333333333333,"-6.966666666666668,-2.2792215351026264,-3.211623523975929,-3.0410742531516894"
5.966666666666667,888,Human,3,4,3,1538,-5.966666666666667,"-3.129158514934156,-2.2792215351026264,-3.211623523975929,-5.983333333333334"
6.566666666666666,889,Human,3,11,5,1539,-6.566666666666666,"-2.8677705783537313,-3.254480424279143,-3.1453923686105107,-6.6000000000000005"
6.95,891,Human,2,4,3,1543,-6.95,"-3.129158514934156,-2.2792215351026264,-6.866666666666666,-3.0410742531516894"
5.366666666666666,894,Human,3,4,3,1546,-5.366666666666666,"-3.129158514934156,-2.2792215351026264,-3.211623523975929,-6.933333333333334"
6.833333333333333,895,Human,0,4,3,1548,-6.833333333333333,"-6.9,-2.2792215351026264,-3.211623523975929,-3.0410742531516894"
7.0,897,Human,3,24,1,1549,-7.0,"-2.734283587383471,-5.107086173836919,-2.482744958973144,-7.000000000000001"
6.183333333333334,898,Human,1,4,2,1549,-6.183333333333334,"-2.980529430470997,-6.216666666666667,-3.3672392763964085,-3.348709243793014"
4.566666666666666,899,Human,1,57,20,1550,-4.566666666666666,"-1.5140508759299256,-4.566666666666666,-2.371384680582096,-2.2833004187996293"
6.133333333333334,904,Human,3,4,2,1559,-6.133333333333334,"-2.980529430470997,-3.2581512207277763,-3.3672392763964085,-7.533333333333334"
4.55,905,Human,1,112,10,1561,-4.55,"-1.455548379611979,-4.416666666666667,-1.6361061114110769,-1.8881303919512744"
6.583333333333333,909,Human,2,4,3,1566,-6.583333333333333,"-3.129158514934156,-2.2792215351026264,-8.05,-3.0410742531516894"
5.733333333333333,910,Human,3,0,2,1574,-5.733333333333333,"-3.4139336695309184,-2.922096041751225,-3.3088058876766366,-5.766666666666667"
4.016666666666667,912,Human,2,1,1,1580,-4.016666666666667,"-2.312686139970747,-2.576207266913685,-5.133333333333335,-2.281932600253924"
7.75,914,Human,3,4,3,1582,-7.75,"-3.129158514934156,-2.2792215351026264,-3.211623523975929,-7.866666666666666"
5.9,915,Human,3,113,10,1583,-5.9,"-1.1126395728818963,-1.7665424155164309,-3.5114136003874292,-5.950000000000001"
6.25,918,Human,0,4,3,1586,-6.25,"-6.25,-2.2792215351026264,-3.211623523975929,-3.0410742531516894"
4.916666666666667,923,Human,0,16,4,1591,-4.916666666666667,"-3.8166666666666673,-2.602517378441657,-2.7232637187344335,-2.9100676843811675"
6.1,926,Human,1,16,9,1594,-6.1,"-2.7070123945906657,-6.000000000000001,-2.664346977091773,-2.380405567554595"
6.416666666666667,927,Human,2,4,3,1596,-6.416666666666667,"-3.129158514934156,-2.2792215351026264,-6.000000000000001,-3.0410742531516894"
6.216666666666667,928,Human,1,16,9,1596,-6.216666666666667,"-2.7070123945906657,-6.216666666666667,-2.664346977091773,-2.380405567554595"
5.766666666666667,930,Human,2,16,9,1601,-5.766666666666667,"-2.7070123945906657,-2.919509394830646,-5.866666666666667,-2.380405567554595"
5.45,932,Human,3,116,10,1604,-5.45,"-1.3892582282679535,-1.6229153398410494,-1.788841889299451,-5.433333333333334"
5.1,935,Human,1,11,20,1606,-5.1,"-2.042068634509239,-6.233333333333334,-2.8994024391614093,-2.811318177378943"
5.766666666666667,937,Human,3,4,3,1607,-5.766666666666667,"-3.129158514934156,-2.2792215351026264,-3.211623523975929,-7.316666666666666"
10.233333333333333,938,Human,0,117,3,1608,-10.233333333333333,"-10.233333333333333,-7.0662745864747905,-6.8274310721072,-6.474408163879834"
6.15,940,Human,2,11,3,1609,-6.15,"-3.0028407475301133,-2.1529037676985836,-7.233333333333334,-2.9147564857476467"
5.483333333333333,941,Human,2,11,20,1611,-5.483333333333333,"-2.042068634509239,-2.9744706233825418,-6.35,-2.811318177378943"
5.833333333333333,942,Human,0,11,3,1613,-5.833333333333333,"-7.15,-2.1529037676985836,-3.0853057565718864,-2.9147564857476467"
7.116666666666666,945,Human,0,11,3,1616,-7.116666666666666,"-7.15,-2.1529037676985836,-3.0853057565718864,-2.9147564857476467"
5.016666666666667,950,Human,2,1,1,1621,-5.016666666666667,"-2.312686139970747,-2.576207266913685,-4.983333333333333,-2.281932600253924"
5.883333333333334,951,Human,2,0,2,1621,-5.883333333333334,"-3.4139336695309184,-2.922096041751225,-5.85,-3.2902758550732423"
5.1,953,Human,2,118,10,1622,-5.1,"-1.52664557298897,-1.9537256202706612,-5.0,-1.9592275853282652"
3.2333333333333334,956,Human,1,0,3,1626,-3.2333333333333334,"-1.1823881499551978,-3.2000000000000006,-2.2777800432135815,-1.1234221262299016"
5.633333333333334,958,Human,3,4,4,1632,-5.633333333333334,"-0.7569475407300825,-1.2353689903372562,-0.9474240451839836,-5.616666666666666"
5.116666666666666,962,Human,2,4,104,1648,-5.116666666666666,"-2.3724063540265967,-2.604911753594631,-5.333333333333333,-3.4541281903804077"
5.533333333333333,963,Human,1,1,1,1649,-5.533333333333333,"-2.312686139970747,-5.533333333333333,-2.5731115145738723,-2.281932600253924"
6.3,964,Human,2,21,10,1650,-6.3,"-2.775995831876711,-3.600179126504858,-7.35,-3.0404251257780235"
5.916666666666667,967,Human,1,21,10,1654,-5.916666666666667,"-2.775995831876711,-6.150000000000001,-3.259721748449244,-3.0404251257780235"
5.316666666666666,969,Human,0,21,4,1656,-5.316666666666666,"-5.433333333333334,-2.28796612957638,-2.5955164355158904,-2.4747700952231138"
6.55,970,Human,2,4,3,1657,-6.55,"-3.129158514934156,-2.2792215351026264,-7.983333333333333,-3.0410742531516894"
4.1,971,Human,2,8,98,1662,-4.1,"-1.8274418046556276,-2.1113832141928044,-3.8333333333333335,-1.5759031762453002"
5.166666666666667,976,Human,2,4,3,1673,-5.166666666666667,"-3.129158514934156,-2.2792215351026264,-6.383333333333335,-3.0410742531516894"
4.683333333333334,977,Human,1,53,3,1676,-4.683333333333334,"-1.462479001679866,-4.716666666666667,-2.224331719728928,-2.098537888877653"
5.466666666666667,979,Human,2,17,5,1679,-5.466666666666667,"-2.8646166746036066,-3.0890947163602664,-5.466666666666668,-3.1741623359206894"
7.9,980,Human,2,122,106,1681,-7.9,"-2.3642710669477376,-3.435461371723356,-8.066666666666666,-3.5655374138848077"
4.8,982,Human,1,8,2,1682,-4.8,"-0.3414566834653227,-3.866666666666667,-1.2176273821263566,-1.7584710486066275"
3.716666666666667,983,Human,3,16,71,1682,-3.716666666666667,"-1.302292608908214,-2.223256285955707,-1.6872046874905473,-3.7333333333333334"
2.9833333333333334,984,Human,2,123,2,1684,-2.9833333333333334,"-1.4115190784737224,-1.5843508317653918,-2.9833333333333334,-1.903412509712308"
5.8,985,Human,0,16,10,1684,-5.8,"-6.8500000000000005,-2.763940253705918,-3.574272997314521,-3.4902651249070984"
4.466666666666667,989,Human,2,125,3,1694,-4.466666666666667,"-2.195116433902575,-1.3451794540710456,-4.5,-1.9812383412688332"
2.7,991,Human,1,21,21,1695,-2.7,"-1.2332218848662575,-2.75,-1.9939578855300224,-1.739824871633319"
4.766666666666667,992,Human,1,1,1,1697,-4.766666666666667,"-2.312686139970747,-4.783333333333333,-2.5731115145738723,-2.281932600253924"
6.55,993,Human,1,21,10,1699,-6.55,"-2.775995831876711,-6.666666666666668,-3.259721748449244,-3.0404251257780235"
6.966666666666667,995,Human,3,16,10,1702,-6.966666666666667,"-3.090547080741988,-2.763940253705918,-3.574272997314521,-6.966666666666668"
4.3,1002,Human,2,45,4,1714,-4.3,"-0.7273905860181199,-0.6784682369797603,-4.3,-1.664168203103075"
5.683333333333334,1007,Human,2,4,3,1732,-5.683333333333334,"-3.129158514934156,-2.2792215351026264,-6.7666666666666675,-3.0410742531516894"
3.15,1008,Human,2,0,3,1740,-3.15,"-1.1823881499551978,-2.2557912476953743,-3.15,-1.1234221262299016"
3.25,1009,Human,0,128,9,1743,-3.25,"-3.15,-1.9396152125356976,-1.6939173166121964,-1.8115329157676257"
6.483333333333333,1011,Human,2,4,3,1745,-6.483333333333333,"-3.129158514934156,-2.2792215351026264,-6.616666666666666,-3.0410742531516894"
6.433333333333334,1013,Human,2,4,3,1749,-6.433333333333334,"-3.129158514934156,-2.2792215351026264,-6.5166666666666675,-3.0410742531516894"
6.3,1016,Human,2,4,3,1754,-6.3,"-3.129158514934156,-2.2792215351026264,-6.483333333333334,-3.0410742531516894"
4.35,1017,Human,1,16,5,1755,-4.35,"-0.2099232061435085,-4.35,-1.0860939048045422,-1.2390377173187488"
8.016666666666667,1018,Human,2,130,3,1756,-8.016666666666667,"-5.566214023432247,-4.974347600837291,-8.0,-5.610406488035078"
6.333333333333333,1019,Human,0,4,3,1757,-6.333333333333333,"-6.35,-2.2792215351026264,-3.211623523975929,-3.0410742531516894"
5.016666666666667,1022,Human,2,11,3,1768,-5.016666666666667,"-3.0028407475301133,-2.1529037676985836,-6.083333333333334,-2.9147564857476467"
4.4,1023,Human,2,16,55,1772,-4.4,"-2.3680945524358052,-2.116555924025478,-4.4,-2.6072509349312085"
2.5,1024,Human,0,16,109,1776,-2.5,"-2.95,-1.234032792382612,-1.266149065817832,-1.1878163072284351"
5.366666666666666,1025,Human,1,4,20,1776,-5.366666666666666,"-2.1683864019132817,-5.433333333333334,-3.025720206565452,-2.937635944782986"
3.6666666666666665,1030,Human,1,131,5,1790,-3.6666666666666665,"-1.6160764809883637,-3.6333333333333333,-1.8622607862439424,-1.886474849118913"
6.8,1031,Human,2,17,108,1790,-6.8,"-5.024317668057843,-5.282388225294416,-6.833333333333334,-5.046023931556763"
3.35,1033,Human,2,0,3,1795,-3.35,"-1.1823881499551978,-2.2557912476953743,-3.3666666666666667,-1.1234221262299016"
