1.1091465819872448e+16
2.367798025092455e+16
4.7230262946345496e+16
3.938395323422892e+16
2.579971651145431e+16
1.4834953514525978e+16
7764954099243275.0
3789576922570633.5
1691661585502623.5
672486824976265.2
231404500969442.3
62452447815412.87
13876721544563.014
14193161655615.072
146753469754486.72
169673456664813.44
1195572732168993.5
4.837283018960813e+16
5.8711432830010056e+16
2.857434705129484e+16
1.3110714648767622e+16
5747128911953445.0
2360700600194627.0
878809164207920.2
318609383823864.56
123007581837579.12
306003269566976.0
326290995078426.0
1060282759096052.9
340983402793761.4
173260633671056.7
1408205602754263.2
482943820354426.44
271792605635198.16
358238258321059.25
604399202511204.1
272038393899334.5
1776158964733330.5
667715213083336.4
568274620996800.9
987735099184706.8
657674429955621.1
864953967992372.0
1018140357505083.4
770874993006384.2
1158020153829049.5
2.9223876316125452e+16
7.70266094553785e+16
4.214635643789906e+16
1.7334833424732338e+16
6818539039446357.0
2929729699539864.0
1673991443151471.2
1346288672442219.5
1790883548892887.2
1868024596170128.8
4636220091133299.0
4261801954385326.5
2231106758172315.8
4339694615635879.0
2699624207222635.5
2293201525869345.5
2783674199425261.5
3449316408224189.0
5494378255544617.0
5178344425390080.0
3642736448110592.0
3723709709177247.5
3500641806950518.5
2.3060116471830796e+16
8852244640726565.0
4286295648585342.0
1.2573949391406956e+16
4.066104436196468e+16
1.9695645787445516e+16
8943890143250284.0
5824322762303933.0
6512242624354334.0
8172072669122738.0
5139327690929375.0
5227528043184677.0
1.0970368653201882e+16
8186261158991902.0
7667797046998387.0
6.643186778809911e+16
2.7164184220437756e+16
1.2909891736997116e+16
7320239819863025.0
1.4529409626938798e+16
1.4129976353203956e+16
6.928443517018753e+16
1.6061372954231402e+17
1.0342090564669238e+17
4.642079081798231e+16
1.895760450510017e+16
1.4077199765406646e+16
1.7540735977211518e+16
1.3207157524721012e+16
1.9241770909380876e+16
1.3207633264186472e+16
4.276963893594581e+16
2.5882976510492436e+16
1.5766742690518358e+16
8.280594447459848e+16
8.945485068851658e+16
4.112212489608812e+16
2.6844116268492056e+16
1.9370345342101e+16
7.1550466359037656e+16
4.94581848426642e+16
2.7854068882243108e+16
2.4804522673592588e+16
3.838587533924097e+16
7.140571703562655e+16
3.624718220956776e+16
3.385040201670965e+16
3.711079298425236e+16
2.6032714077042836e+16
2.8440196911017092e+16
2.9655496046309196e+16
2.388304091111353e+16
3.3131975579624492e+16
2.5563896527887316e+16
1.1261211004262875e+17
7.632508845112726e+16
4.0720243172246456e+16
3.3671787844928436e+16
1.4137661141164014e+17
2.3919830794607e+17
1.364072934885826e+17
6.931853009114263e+16
5.438356303447346e+16
4.200914927245484e+16
3.931599788082007e+16
5.2471785506661896e+16
6.761666042604867e+16
8.9134057869416e+16
5.277238173661618e+16
5.140804693722418e+16
3.307126172923505e+21
4.396200785856716e+21
1.7187088869276283e+21
4.559791410121982e+20
7.234071448956189e+19
1.5628462646571663e+20
3.989050644928845e+20
6.790916172882022e+20
8.96949631390946e+20
1.089398352203537e+21
1.215697388879323e+21
1.3019433930321554e+21
1.3688125996178507e+21
1.3903886621418785e+21
1.4204818963829314e+21
1.4127788074094182e+21
1.4110792431429755e+21
1.409129425185826e+21
1.3820088318564243e+21
1.3441993466271865e+21
1.3646194179376223e+21
1.3310339930094276e+21
1.2882295323907583e+21
1.2597436202107368e+21
1.2388219686504977e+21
1.2088712719098794e+21
1.1953838405500194e+21
1.1682948325883848e+21
1.1341380685286585e+21
1.1039929072535869e+21
1.088179469689714e+21
1.060916870194888e+21
1.0311566341091632e+21
1.000862114664656e+21
9.999182576791641e+20
9.638676851033063e+20
9.41313265532239e+20
8.973589113046364e+20
8.946437057749457e+20
8.673848949740998e+20
8.405666282060967e+20
8.320812356258441e+20
8.058070681465177e+20
8.078613571730124e+20
7.681414502849957e+20
7.576117742978011e+20
7.199533218101428e+20
6.968694814624996e+20
7.04371883366884e+20
6.577792478651826e+20
6.356311129469122e+20
6.15692138462703e+20
6.031107832115694e+20
5.902860647975555e+20
5.582253724809756e+20
5.4849795728827115e+20
5.1659295275867374e+20
5.048350336849251e+20
5.160179845376327e+20
5.052983894289238e+20
4.726372528563183e+20
4.5005922661125325e+20
4.469843220671666e+20
4.279186583726558e+20
4.050574499439561e+20
4.2660486448536774e+20
3.762991449444887e+20
3.763321769508589e+20
3.4186536820428584e+20
3.385354014386401e+20
3.513424845785017e+20
3.189194069972046e+20
3.0387931326323084e+20
2.870632376111888e+20
2.8408247267901407e+20
2.888214662089868e+20
2.703227175936562e+20
2.465524765491376e+20
2.4124479788561347e+20
2.2189837781694808e+20
2.093213781616158e+20
2.0737766635025852e+20
2.0487453194626148e+20
1.9658200492372656e+20
1.8380292369982246e+20
2.056769119341861e+20
2.0211612395951355e+20
1.8495990989176285e+20
1.4578086781604302e+20
1.3115119901760779e+20
1.4137257270925168e+20
1.5084571261202344e+20
1.270889040301672e+20
1.4745055545139788e+20
1.1277346969527863e+20
1.0881582016928834e+20
1.1487642109861492e+20
1.0991736653097376e+20
1.107854937288754e+20
9.938776719089407e+19
1.1459651066321078e+20
1.0199374741076597e+20
8.563128050742695e+19
1.217014771668174e+20
9.554712960452582e+19
8.669265842674978e+19
9.406638121867053e+19
1.2035939910778246e+20
9.785117951742897e+19
1.1142029968326794e+20
9.684147574445051e+19
9.548503870095486e+19
1.2057563282514934e+20
9.527925128421396e+19
1.1421538952913686e+20
1.0307684079628204e+20
1.0426480072476035e+20
1.2893657764392554e+20
1.2907209697757505e+20
1.1786001228559149e+20
1.1905381790308594e+20
1.1191340274622605e+20
1.4163737367180186e+20
1.0329337085593505e+20
1.1334275144933519e+20
1.0459371975568915e+20
8.715027543712432e+19
9.628251384718274e+19
1.350332473032586e+20
9.642600632923845e+19
1.0970128227149722e+20
1.196284478091796e+20
9.462878006180712e+19
1.2830368332594497e+20
1.1144235920099095e+20
1.1127953832435581e+20
1.0264557106434489e+20
8.946940002094817e+19
1.0078264070691429e+20
8.65211792944197e+19
1.0431721665901465e+20
1.0296241350573282e+20
1.0498532610353971e+20
1.038168658863004e+20
1.1166894867659153e+20
8.840111841949655e+19
1.113573775011015e+20
1.1052356406923387e+20
1.1191807801308191e+20
9.714525149404425e+19
1.0073121130548429e+20
1.2831491201673635e+20
1.0441497294710917e+20
1.0510208059809135e+20
9.62604639223003e+19
1.041223588499674e+20
1.0411269176845155e+20
1.1313973990108063e+20
9.636594937876431e+19
1.2456058609314854e+20
1.0459628768899826e+20
1.1103262193826827e+20
1.0259871616510729e+20
1.0479029573490672e+20
8.039332061735897e+19
8.763082043599326e+19
9.478095020832825e+19
1.0342553830448487e+20
9.645521063286827e+19
1.1205159473768346e+20
9.339086833211197e+19
1.0367660819932352e+20
8.937365123393159e+19
9.617889924959078e+19
9.685972935844631e+19
1.0379572454842881e+20
1.202105312567931e+20
1.2547568119299369e+20
1.1995584831097327e+20
1.0370886385487477e+20
9.507611308496785e+19
1.4367246018983109e+20
1.1307898979616742e+20
1.1210932902561625e+20
1.0181214797504006e+20
1.0410310144559525e+20
1.038543937797816e+20
1.332069540118014e+20
8.832805184825568e+19
1.1061064813096532e+20
1.10904013146744e+20
1.3423123657595643e+20
1.0337482097228094e+20
9.624501328214272e+19
9.489688277810076e+19
1.0461476716499132e+20
1.0414624266463529e+20
1.1033082167275363e+20
1.2014396953178925e+20
9.656953850525742e+19
9.77272715046173e+19
9.631334044038196e+19
1.1358777166388081e+20
1.0583248824396659e+20
1.1430573945910184e+20
1.140122200177118e+20
1.0491318483507341e+20
1.0425391723281524e+20
1.3660307324510126e+20
1.5187566349325363e+20
9.50280944642169e+19
1.0373869096013446e+20
1.509962510354841e+20
1.2120305173457309e+20
1.033697763491929e+20
9.491371771933265e+19
1.1287969222290702e+20
1.0388164372539548e+20
8.949839863622884e+19
1.0980418500303376e+20
1.0478563818771651e+20
9.482604505237647e+19
1.0422296620358266e+20
1.0381981868054911e+20
1.033514190146002e+20
9.597683477922152e+19
1.0888904166809154e+20
1.1791893159209979e+20
1.1075189556962663e+20
9.718687451061563e+19
9.472987043566092e+19
9.651623795812626e+19
9.545149916639127e+19
1.039101739885601e+20
9.625155355974356e+19
1.3710759323842842e+20
9.721464073271108e+19
9.566733559355667e+19
9.642076215275744e+19
9.712018938535023e+19
1.0387728325349913e+20
1.0287439782301866e+20
1.0286073984892795e+20
1.0338691802229904e+20
1.0405169120594398e+20
1.1157312007140477e+20
9.442311861085487e+19
1.0459030076851025e+20
1.0399710533768743e+20
1.0179206498085e+20
1.0496838015943826e+20
9.690534447864883e+19
1.1272902341967625e+20
9.434442504983459e+19
9.69420874164375e+19
1.0037089909823398e+20
1.0464108985579912e+20
9.43566581205955e+19
9.547205445659779e+19
9.675197846185045e+19
9.617093222020581e+19
9.573967894907316e+19
1.054047883075858e+20
1.1174125874399512e+20
9.61597172334724e+19
8.094217191561612e+19
1.0376487756645961e+20
8.72343500558558e+19
8.825955562018497e+19
1.0545574013853052e+20
1.2875311174737409e+20
9.62573870266522e+19
9.456807377800949e+19
1.1293370244902158e+20
8.760463663421951e+19
1.0501007587125667e+20
1.0301742361816072e+20
9.701998215835779e+19
9.609846608589088e+19
1.1112043424320119e+20
1.0281143107079394e+20
8.656732208459384e+19
1.0393818536191115e+20
9.509490850323692e+19
1.11510540681907e+20
1.2671650095565983e+20
1.4515988734394746e+20
1.0997139642081801e+20
1.176311043383417e+20
1.0521353198871272e+20
9.529041084918735e+19
1.0247222304907669e+20
1.0170062326770853e+20
8.823134168970266e+19
1.1974304032923707e+20
1.0359299790913294e+20
9.605194517526145e+19
9.460179505865815e+19
1.124893862786131e+20
7.135350541782172e+19
8.801014863310615e+19
9.732499769495408e+19
1.2880282447651915e+20
1.044491069828294e+20
1.0639065795107403e+20
1.0610977632820353e+20
1.0396736101449885e+20
9.575827502110364e+19
9.593646628948248e+19
1.1233299670044805e+20
1.3690451826906838e+20
9.467230478731592e+19
1.0462804735326074e+20
1.3566365815910598e+20
9.711653146951413e+19
1.1490812669558822e+20
1.1178259263681325e+20
9.479459734665221e+19
1.034478778949089e+20
1.038616457760396e+20
1.3132938907493035e+20
9.564680140122545e+19
1.0337910385690024e+20
9.498465038549575e+19
1.2740233938778474e+20
1.2041583305589842e+20
1.1212357966834424e+20
9.714722256782392e+19
9.741025941973967e+19
8.77613075519142e+19
1.2550745527838694e+20
9.629254263615426e+19
8.787288333873154e+19
1.012226596671824e+20
1.2041039982715724e+20
1.0355035468918553e+20
1.0336927415920812e+20
1.2553026461523524e+20
8.847234228892403e+19
1.1206407414685386e+20
9.515634185104962e+19
1.046415081801361e+20
1.2124030435177357e+20
1.048543596244515e+20
1.1111266706997327e+20
9.408900626780905e+19
8.816752853661386e+19
1.0336537270951394e+20
1.1179925423764678e+20
1.0170250755974439e+20
1.0266428993110875e+20
9.758253619198339e+19
1.0431933434231217e+20
1.0373568446510042e+20
9.480233064217403e+19
9.635524961680569e+19
1.2059834690285983e+20
1.0310703729761128e+20
9.69591965025686e+19
1.0317301925332081e+20
9.566565474304187e+19
1.2841067923252391e+20
1.1888377065359424e+20
1.0454606677832678e+20
7.936831326788685e+19
1.0229359315523312e+20
9.638133129147769e+19
9.577372111980015e+19
1.0325624778988724e+20
1.050781178098057e+20
9.534890813445e+19
8.783195440082641e+19
9.590353360566267e+19
1.05065047691997e+20
9.47647260378381e+19
9.78683145775304e+19
9.528619132193373e+19
8.862240393864697e+19
1.2001189063376285e+20
9.779822479060718e+19
9.66974066402533e+19
9.445373412969146e+19
1.0357869825049526e+20
1.0460367573786896e+20
8.031237683408514e+19
9.701203356571129e+19
9.686940601686781e+19
9.695191537721996e+19
1.0352412736906025e+20
1.0414292529463973e+20
1.0274231886125246e+20
9.59906963223129e+19
1.0453806367221247e+20
1.11846859011782e+20
1.0398856680128029e+20
1.040491819530924e+20
1.1253161969942236e+20
1.0240743244608576e+20
9.530157079659956e+19
9.781819972989364e+19
1.1231466855868583e+20
1.1062010302267199e+20
1.1267814829958624e+20
1.0303634694628249e+20
9.670344452071501e+19
1.0395649350530972e+20
1.2056731563318084e+20
1.2012183519150321e+20
1.1169816827777443e+20
8.827289266436e+19
9.58084916293383e+19
1.4168411343305009e+20
1.0427682617904305e+20
9.74307936439408e+19
1.1373935509346892e+20
1.0507533789384176e+20
9.663809077655124e+19
9.718155777433466e+19
1.0442805802783696e+20
1.0451649268025362e+20
9.63015725586493e+19
1.0108993940330809e+20
9.614361204926231e+19
9.686303512779745e+19
9.653732898138967e+19
1.2555309391857731e+20
1.2002976896372466e+20
1.13582333264248e+20
1.294696295337498e+20
1.050943909643356e+20
1.2807697247382166e+20
1.0345289401036938e+20
9.510489080995599e+19
1.1268188773066483e+20
1.04579184849368e+20
9.526363398040253e+19
9.458503468503006e+19
1.0498291036494882e+20
1.038459073028598e+20
1.104353397502046e+20
1.101344328973419e+20
1.524529526239914e+20
9.485847320377369e+19
1.0322952393668482e+20
1.0414988780064057e+20
1.041062624777853e+20
1.021307959101305e+20
1.1176965672316296e+20
1.4048994091330593e+20
1.1061432115313508e+20
1.2755663799759784e+20
1.2024158699458955e+20
1.1099198519956197e+20
1.0274682609404869e+20
1.1107913296922803e+20
9.534537973789667e+19
9.740099415395143e+19
9.630808714910892e+19
9.41065162135707e+19
1.0526424613392643e+20
9.693919490410891e+19
