travel_time,id,kind,action,origin,destination,start_time,reward,cost_table
4.666666666666667,41,AV,0,37,29,396,-2.9625199362041466,"0,0,0,0"
2.7,31,AV,0,27,6,452,-2.962519936204147,"0,0,0,0"
2.5166666666666666,255,AV,0,93,57,1673,-2.9625199362041466,"0,0,0,0"
1.7833333333333334,206,AV,0,145,95,367,-2.9625199362041466,"0,0,0,0"
2.783333333333333,20,AV,0,15,15,614,-2.962519936204147,"0,0,0,0"
1.8833333333333333,159,AV,0,115,57,456,-2.962519936204147,"0,0,0,0"
2.2,249,AV,0,170,137,1797,-2.962519936204147,"0,0,0,0"
1.1833333333333333,132,AV,2,3,78,974,-2.962519936204147,"0,0,0,0"
1.05,492,AV,0,193,2,1226,-2.962519936204147,"0,0,0,0"
4.45,120,AV,0,92,79,1081,-2.962519936204147,"0,0,0,0"
2.783333333333333,230,AV,0,158,129,518,-2.962519936204147,"0,0,0,0"
7.683333333333334,486,AV,0,28,147,34,-2.9625199362041466,"0,0,0,0"
1.4333333333333333,368,AV,0,58,181,118,-2.9625199362041466,"0,0,0,0"
3.8,136,AV,0,102,57,371,-2.9625199362041466,"0,0,0,0"
1.0333333333333334,404,AV,0,240,60,802,-2.962519936204146,"0,0,0,0"
1.2166666666666666,195,AV,0,97,74,1084,-2.962519936204147,"0,0,0,0"
2.183333333333333,88,AV,0,72,64,545,-2.9625199362041466,"0,0,0,0"
5.016666666666667,323,AV,0,85,165,688,-2.9625199362041466,"0,0,0,0"
3.85,324,AV,0,208,166,1323,-2.9625199362041466,"0,0,0,0"
2.1166666666666667,512,AV,2,282,152,1042,-2.9625199362041466,"0,0,0,0"
1.9166666666666667,398,AV,0,239,174,592,-2.962519936204147,"0,0,0,0"
1.6166666666666667,383,AV,0,166,187,150,-2.962519936204146,"0,0,0,0"
3.6166666666666667,61,AV,0,50,44,682,-2.9625199362041466,"0,0,0,0"
1.0,418,AV,0,186,66,509,-2.9625199362041466,"0,0,0,0"
2.033333333333333,440,AV,0,256,60,454,-2.9625199362041466,"0,0,0,0"
3.9166666666666665,87,AV,3,71,48,551,-2.9625199362041466,"0,0,0,0"
3.75,519,AV,0,225,172,196,-2.962519936204147,"0,0,0,0"
5.5,169,AV,2,58,2,101,-2.9625199362041466,"0,0,0,0"
2.5833333333333335,58,AV,0,40,42,1336,-2.9625199362041466,"0,0,0,0"
4.533333333333333,313,AV,0,201,161,577,-2.962519936204146,"0,0,0,0"
5.783333333333333,13,AV,2,13,10,1617,-2.9625199362041466,"0,0,0,0"
3.216666666666667,504,AV,0,277,214,1001,-2.962519936204146,"0,0,0,0"
1.8333333333333333,172,AV,0,126,49,1630,-2.962519936204146,"0,0,0,0"
6.6,314,AV,0,202,144,226,-2.962519936204146,"0,0,0,0"
5.466666666666667,370,AV,0,234,185,231,-2.9625199362041466,"0,0,0,0"
3.716666666666667,496,AV,1,193,104,185,-2.962519936204146,"0,0,0,0"
6.416666666666667,208,AV,0,146,118,1608,-2.9625199362041466,"0,0,0,0"
2.5,220,AV,0,153,77,904,-2.962519936204147,"0,0,0,0"
5.55,520,AV,0,249,105,672,-2.962519936204147,"0,0,0,0"
0.9333333333333333,394,AV,0,184,161,373,-2.962519936204147,"0,0,0,0"
0.5,109,AV,0,84,63,450,-2.962519936204147,"0,0,0,0"
0.8833333333333333,42,AV,0,38,22,1729,-2.9625199362041466,"0,0,0,0"
1.6333333333333333,330,AV,0,22,161,1546,-2.9625199362041466,"0,0,0,0"
0.7333333333333333,384,AV,0,184,0,787,-2.9625199362041466,"0,0,0,0"
1.4333333333333333,462,AV,0,184,130,37,-2.9625199362041466,"0,0,0,0"
1.75,349,AV,1,225,177,1028,-2.962519936204147,"0,0,0,0"
1.6833333333333333,137,AV,0,103,69,1800,-2.9625199362041466,"0,0,0,0"
2.783333333333333,57,AV,0,43,41,736,-2.9625199362041466,"0,0,0,0"
0.8833333333333333,391,AV,0,219,46,1052,-2.962519936204147,"0,0,0,0"
4.2,435,AV,0,254,95,1289,-2.9625199362041466,"0,0,0,0"
2.0166666666666666,171,AV,0,125,105,904,-2.962519936204147,"0,0,0,0"
4.6,479,AV,0,263,139,17,-2.9625199362041466,"0,0,0,0"
4.233333333333333,386,AV,0,240,71,1248,-2.962519936204147,"0,0,0,0"
1.6666666666666667,338,AV,3,217,173,740,-2.962519936204147,"0,0,0,0"
3.8,457,AV,0,260,172,370,-2.962519936204147,"0,0,0,0"
5.1,69,AV,0,58,50,133,-2.962519936204147,"0,0,0,0"
2.2,453,AV,0,258,125,681,-2.962519936204147,"0,0,0,0"
3.3333333333333335,318,AV,0,204,135,1687,-2.962519936204147,"0,0,0,0"
1.8166666666666667,447,AV,0,206,36,1116,-2.962519936204147,"0,0,0,0"
0.9166666666666666,23,AV,0,21,18,492,-2.9625199362041466,"0,0,0,0"
4.066666666666666,199,AV,0,141,47,1603,-2.962519936204147,"0,0,0,0"
2.716666666666667,301,AV,0,193,83,1250,-2.962519936204147,"0,0,0,0"
0.5166666666666667,246,AV,0,167,12,1351,-2.962519936204147,"0,0,0,0"
1.2333333333333334,379,AV,0,217,188,1434,-2.962519936204147,"0,0,0,0"
4.3,214,AV,0,151,48,1453,-2.962519936204147,"0,0,0,0"
0.9,39,AV,0,35,2,188,-2.962519936204147,"0,0,0,0"
5.366666666666666,291,AV,1,58,155,832,-2.9625199362041466,"0,0,0,0"
1.05,375,AV,0,47,181,1136,-2.9625199362041466,"0,0,0,0"
0.9666666666666667,197,AV,3,140,95,76,-2.962519936204147,"0,0,0,0"
0.8666666666666667,6,AV,0,6,5,43,-2.962519936204146,"0,0,0,0"
5.4,500,AV,0,274,78,515,-2.962519936204147,"0,0,0,0"
1.9833333333333334,247,AV,0,168,57,1517,-2.9625199362041466,"0,0,0,0"
3.7,485,AV,0,268,78,489,-2.962519936204147,"0,0,0,0"
6.083333333333333,285,AV,0,185,152,289,-2.9625199362041466,"0,0,0,0"
2.3833333333333333,65,AV,1,54,3,786,-2.9625199362041466,"0,0,0,0"
1.95,257,AV,0,173,140,385,-2.962519936204147,"0,0,0,0"
2.15,215,AV,0,98,45,424,-2.9625199362041466,"0,0,0,0"
1.6,377,AV,0,186,132,818,-2.962519936204147,"0,0,0,0"
2.0166666666666666,497,AV,0,272,71,563,-2.962519936204147,"0,0,0,0"
2.45,273,AV,0,134,147,1074,-2.9625199362041466,"0,0,0,0"
3.0833333333333335,425,AV,0,184,126,1771,-2.9625199362041466,"0,0,0,0"
4.116666666666666,93,AV,0,70,66,1298,-2.9625199362041466,"0,0,0,0"
3.8333333333333335,261,AV,0,8,143,101,-2.9625199362041466,"0,0,0,0"
8.633333333333333,106,AV,1,82,58,1454,-2.962519936204147,"0,0,0,0"
2.4,444,AV,0,79,202,246,-2.9625199362041466,"0,0,0,0"
3.7666666666666666,312,AV,0,200,40,1079,-2.9625199362041466,"0,0,0,0"
1.45,397,AV,0,105,60,1252,-2.962519936204146,"0,0,0,0"
0.8666666666666667,161,AV,0,117,2,1152,-2.9625199362041466,"0,0,0,0"
4.616666666666666,372,AV,0,34,14,50,-2.9625199362041466,"0,0,0,0"
1.3666666666666667,495,AV,0,271,2,912,-2.9625199362041466,"0,0,0,0"
6.916666666666667,327,AV,0,210,148,1347,-2.962519936204147,"0,0,0,0"
2.3,475,AV,0,12,16,1006,-2.9625199362041466,"0,0,0,0"
3.3666666666666667,292,AV,0,190,31,106,-2.962519936204146,"0,0,0,0"
5.216666666666667,281,AV,3,182,31,293,-2.9625199362041466,"0,0,0,0"
1.5166666666666666,265,AV,3,134,57,1143,-2.9625199362041466,"0,0,0,0"
4.233333333333333,515,AV,0,186,177,503,-2.962519936204147,"0,0,0,0"
2.566666666666667,454,AV,0,227,108,646,-2.9625199362041466,"0,0,0,0"
2.3833333333333333,362,AV,0,233,31,417,-2.9625199362041466,"0,0,0,0"
2.183333333333333,160,AV,0,116,99,79,-2.962519936204147,"0,0,0,0"
4.866666666666666,193,AV,0,6,0,1652,-2.962519936204147,"0,0,0,0"
4.283333333333333,147,AV,3,94,93,1443,-2.962519936204147,"0,0,0,0"
3.5,52,AV,3,46,36,846,-2.962519936204147,"0,0,0,0"
4.7,170,AV,0,124,47,1775,-2.9625199362041466,"0,0,0,0"
8.483333333333333,279,AV,0,82,143,126,-2.962519936204147,"0,0,0,0"
1.1,148,AV,0,49,83,1629,-2.9625199362041466,"0,0,0,0"
1.4333333333333333,476,AV,0,262,208,1485,-2.962519936204147,"0,0,0,0"
3.55,290,AV,0,189,2,1792,-2.962519936204147,"0,0,0,0"
1.1,358,AV,0,104,182,677,-2.962519936204147,"0,0,0,0"
3.4,390,AV,0,184,155,1311,-2.962519936204147,"0,0,0,0"
3.1333333333333333,428,AV,0,251,172,490,-2.962519936204147,"0,0,0,0"
6.033333333333333,236,AV,0,162,31,319,-2.962519936204147,"0,0,0,0"
3.05,210,AV,0,148,120,184,-2.962519936204147,"0,0,0,0"
1.65,16,AV,0,6,12,399,-2.9625199362041466,"0,0,0,0"
3.8333333333333335,316,AV,0,203,57,1652,-2.9625199362041466,"0,0,0,0"
1.8833333333333333,203,AV,0,143,116,1578,-2.9625199362041466,"0,0,0,0"
3.433333333333333,113,AV,0,85,74,1398,-2.9625199362041466,"0,0,0,0"
5.233333333333333,311,AV,0,188,58,922,-2.9625199362041466,"0,0,0,0"
3.7666666666666666,130,AV,0,100,4,909,-2.9625199362041466,"0,0,0,0"
1.9833333333333334,227,AV,0,156,127,262,-2.962519936204146,"0,0,0,0"
7.483333333333333,163,AV,2,118,101,677,-2.9625199362041466,"0,0,0,0"
2.1166666666666667,221,AV,0,64,123,214,-2.962519936204147,"0,0,0,0"
2.3,179,AV,0,130,110,34,-2.962519936204147,"0,0,0,0"
2.783333333333333,400,AV,0,227,138,1438,-2.962519936204146,"0,0,0,0"
2.1,467,AV,0,241,207,671,-2.9625199362041466,"0,0,0,0"
4.533333333333333,177,AV,0,12,108,544,-2.962519936204147,"0,0,0,0"
2.6666666666666665,366,AV,2,143,47,35,-2.9625199362041466,"0,0,0,0"
2.9166666666666665,5,AV,1,5,4,1037,-2.9625199362041466,"0,0,0,0"
3.0166666666666666,344,AV,0,222,132,522,-2.9625199362041466,"0,0,0,0"
1.5333333333333334,119,AV,1,91,78,240,-2.9625199362041466,"0,0,0,0"
6.516666666666667,54,AV,0,24,38,131,-2.9625199362041466,"0,0,0,0"
2.683333333333333,154,AV,0,113,2,272,-2.962519936204146,"0,0,0,0"
3.683333333333333,489,AV,0,193,71,508,-2.962519936204146,"0,0,0,0"
1.2,272,AV,0,178,57,1761,-2.9625199362041466,"0,0,0,0"
2.45,333,AV,0,214,29,646,-2.9625199362041466,"0,0,0,0"
3.0166666666666666,380,AV,0,238,14,690,-2.9625199362041466,"0,0,0,0"
1.4666666666666666,155,AV,0,78,95,955,-2.9625199362041466,"0,0,0,0"
0.43333333333333335,473,AV,0,254,132,1089,-2.9625199362041466,"0,0,0,0"
3.05,325,AV,3,209,29,167,-2.9625199362041466,"0,0,0,0"
3.8833333333333333,445,AV,0,257,172,350,-2.9625199362041466,"0,0,0,0"
1.45,494,AV,0,271,2,1614,-2.9625199362041466,"0,0,0,0"
4.766666666666667,337,AV,0,121,172,1382,-2.962519936204146,"0,0,0,0"
2.2333333333333334,303,AV,3,195,158,1593,-2.9625199362041466,"0,0,0,0"
3.8333333333333335,10,AV,0,10,2,142,-2.9625199362041466,"0,0,0,0"
3.5166666666666666,63,AV,0,52,46,640,-2.962519936204147,"0,0,0,0"
1.3833333333333333,198,AV,0,47,115,1638,-2.9625199362041466,"0,0,0,0"
3.933333333333333,144,AV,0,107,92,1526,-2.962519936204147,"0,0,0,0"
3.966666666666667,278,AV,0,169,149,72,-2.962519936204147,"0,0,0,0"
4.783333333333333,490,AV,0,262,71,1301,-2.9625199362041466,"0,0,0,0"
1.8166666666666667,164,AV,0,119,102,1749,-2.962519936204147,"0,0,0,0"
7.383333333333334,212,AV,0,94,31,100,-2.9625199362041466,"0,0,0,0"
1.1166666666666667,470,AV,0,245,161,1427,-2.962519936204147,"0,0,0,0"
1.4333333333333333,415,AV,3,186,178,1261,-2.962519936204147,"0,0,0,0"
5.466666666666667,256,AV,1,42,122,159,-2.962519936204147,"0,0,0,0"
2.433333333333333,339,AV,0,218,30,1340,-2.9625199362041466,"0,0,0,0"
1.3166666666666667,402,AV,0,202,0,983,-2.962519936204147,"0,0,0,0"
1.6833333333333333,381,AV,0,150,189,1347,-2.9625199362041466,"0,0,0,0"
3.566666666666667,240,AV,0,39,47,387,-2.9625199362041466,"0,0,0,0"
3.216666666666667,299,AV,0,192,134,1345,-2.962519936204147,"0,0,0,0"
0.9,405,AV,0,1,161,1024,-2.962519936204147,"0,0,0,0"
2.7666666666666666,232,AV,0,84,126,473,-2.962519936204147,"0,0,0,0"
1.9333333333333333,248,AV,0,169,136,1137,-2.962519936204147,"0,0,0,0"
1.5,518,AV,0,223,71,379,-2.962519936204147,"0,0,0,0"
4.766666666666667,329,AV,0,212,52,248,-2.9625199362041466,"0,0,0,0"
1.15,185,AV,0,133,65,551,-2.9625199362041466,"0,0,0,0"
2.933333333333333,216,AV,0,98,4,789,-2.962519936204147,"0,0,0,0"
4.616666666666666,173,AV,0,127,106,1015,-2.962519936204147,"0,0,0,0"
1.1333333333333333,152,AV,0,111,27,1399,-2.962519936204147,"0,0,0,0"
4.816666666666666,80,AV,0,65,59,1538,-2.9625199362041466,"0,0,0,0"
3.3333333333333335,126,AV,2,43,85,78,-2.962519936204147,"0,0,0,0"
1.25,229,AV,1,143,63,1435,-2.962519936204147,"0,0,0,0"
2.216666666666667,81,AV,0,66,60,278,-2.962519936204147,"0,0,0,0"
2.716666666666667,410,AV,3,9,8,1151,-2.9625199362041466,"0,0,0,0"
1.55,123,AV,0,95,82,176,-2.962519936204146,"0,0,0,0"
5.016666666666667,129,AV,0,99,87,354,-2.9625199362041466,"0,0,0,0"
1.8333333333333333,149,AV,0,8,37,694,-2.9625199362041466,"0,0,0,0"
1.05,365,AV,0,185,47,1358,-2.9625199362041466,"0,0,0,0"
2.1166666666666667,202,AV,2,7,30,378,-2.962519936204147,"0,0,0,0"
2.4833333333333334,452,AV,0,32,108,1602,-2.9625199362041466,"0,0,0,0"
1.25,409,AV,0,65,30,374,-2.962519936204147,"0,0,0,0"
2.033333333333333,461,AV,0,105,148,89,-2.962519936204147,"0,0,0,0"
3.25,209,AV,0,147,119,1473,-2.962519936204147,"0,0,0,0"
3.816666666666667,70,AV,0,59,51,895,-2.9625199362041466,"0,0,0,0"
5.266666666666667,134,AV,0,94,89,268,-2.962519936204147,"0,0,0,0"
2.5166666666666666,226,AV,0,55,126,489,-2.9625199362041466,"0,0,0,0"
2.7333333333333334,166,AV,0,121,104,98,-2.9625199362041466,"0,0,0,0"
2.783333333333333,280,AV,0,181,150,469,-2.9625199362041466,"0,0,0,0"
3.4,121,AV,0,93,80,721,-2.962519936204147,"0,0,0,0"
2.2666666666666666,237,AV,0,26,125,1789,-2.9625199362041466,"0,0,0,0"
2.9833333333333334,9,AV,1,9,8,1688,-2.9625199362041466,"0,0,0,0"
2.9833333333333334,429,AV,0,242,197,1059,-2.962519936204147,"0,0,0,0"
5.283333333333333,89,AV,0,73,2,1520,-2.9625199362041466,"0,0,0,0"
1.5833333333333333,217,AV,0,125,121,914,-2.962519936204147,"0,0,0,0"
3.1666666666666665,32,AV,0,28,23,220,-2.962519936204147,"0,0,0,0"
3.933333333333333,37,AV,0,33,27,1161,-2.9625199362041466,"0,0,0,0"
2.466666666666667,449,AV,0,74,200,821,-2.962519936204147,"0,0,0,0"
3.1333333333333333,238,AV,0,26,132,491,-2.9625199362041466,"0,0,0,0"
0.8666666666666667,92,AV,0,76,12,1624,-2.962519936204147,"0,0,0,0"
1.15,407,AV,0,243,0,1389,-2.9625199362041466,"0,0,0,0"
2.9166666666666665,75,AV,3,63,52,1410,-2.962519936204147,"0,0,0,0"
1.2,8,AV,1,8,7,1630,-2.962519936204147,"0,0,0,0"
3.2333333333333334,474,AV,0,117,141,397,-2.9625199362041466,"0,0,0,0"
4.45,235,AV,0,161,131,810,-2.962519936204147,"0,0,0,0"
1.2333333333333334,392,AV,0,188,132,1268,-2.962519936204147,"0,0,0,0"
1.5666666666666667,403,AV,0,243,60,323,-2.962519936204147,"0,0,0,0"
2.2,361,AV,0,232,183,1523,-2.962519936204147,"0,0,0,0"
4.9,284,AV,0,184,151,732,-2.9625199362041466,"0,0,0,0"
2.6666666666666665,140,AV,0,105,90,871,-2.9625199362041466,"0,0,0,0"
5.366666666666666,38,AV,0,34,28,1238,-2.9625199362041466,"0,0,0,0"
1.4333333333333333,205,AV,0,23,63,697,-2.9625199362041466,"0,0,0,0"
5.666666666666667,0,Human,2,0,0,590,-5.666666666666667,"-5.6677372588895505,-5.668006756400339,-5.654544656105242,-5.667289063580109"
6.816666666666666,1,Human,0,1,1,566,-6.816666666666666,"-6.823930749370755,-6.895353556033699,-6.887456241313227,-6.892478635147551"
4.75,2,Human,0,2,2,574,-4.75,"-4.746214104603766,-4.7871737032090245,-4.785947538621911,-4.773423924755822"
3.0166666666666666,3,Human,0,3,3,653,-3.0166666666666666,"-3.037631473284671,-3.06312884401056,-6.436466152014768,-3.043982265896917"
4.116666666666666,4,Human,0,4,3,1243,-4.116666666666666,"-4.116090766743277,-4.159207631955307,-4.162446516219823,-4.1796930405859385"
1.4833333333333334,7,Human,3,7,6,1700,-1.4833333333333334,"-1.7462664354988413,-2.120529768959617,-1.746746397101913,-1.5086491622383347"
3.533333333333333,11,Human,3,11,9,1149,-3.533333333333333,"-3.5874989392848584,-3.6075021908903295,-3.6734497720182393,-3.5422307860523725"
1.9833333333333334,12,Human,1,12,2,1545,-1.9833333333333334,"-1.9922191571113073,-1.9846228941671824,-2.038712539476842,-2.0608243820494363"
3.85,14,Human,0,14,11,383,-3.85,"-3.8915748578968605,-3.9273538137903103,-3.910189665655135,-3.962472876262654"
3.433333333333333,15,Human,0,15,4,601,-3.433333333333333,"-3.400175279333087,-3.6533658734895296,-3.654967793335942,-3.5861302120322978"
2.6,17,Human,0,16,13,350,-2.6,"-2.6249625669106935,-2.686045844181205,-2.657027883333711,-2.668061502092264"
2.0166666666666666,18,Human,0,17,3,950,-2.0166666666666666,"-2.017245554308585,-2.0528788772389257,-2.0474085414485295,-2.030173027137012"
1.9333333333333333,19,Human,0,18,14,1199,-1.9333333333333333,"-1.935096487005784,-1.9567461199184915,-2.2741540676745857,-2.099988000959923"
2.466666666666667,21,Human,1,19,16,339,-2.466666666666667,"-2.530851592017279,-2.4736291083306843,-2.499298554931606,-2.551636976241901"
3.4,22,Human,1,20,17,112,-3.4,"-3.448287508462968,-3.3841611683793533,-3.446074188334862,-3.436921349773573"
0.9333333333333333,24,Human,2,22,19,1392,-0.9333333333333333,"-0.9899013193759982,-0.9661245902529332,-0.9342491450734144,-1.1432524137942952"
4.15,25,Human,0,23,20,531,-4.15,"-4.211910029307932,-4.231878409496166,-4.232096262342165,-4.254685538562476"
5.566666666666666,26,Human,2,24,2,1667,-5.566666666666666,"-5.6458256043109944,-5.62836560567456,-5.564391191096267,-5.608718223014281"
0.5,27,Human,0,15,14,736,-0.5,"-0.49761781731741317,-1.187616990640749,-0.8749220062395008,-1.4359491240700746"
1.55,28,Human,0,6,14,1792,-1.55,"-1.5503315038934393,-1.577827789776818,-1.5689901607871373,-1.8790796736261104"
3.8333333333333335,29,Human,1,25,21,1325,-3.8333333333333335,"-3.9240181271261485,-3.8458551213100853,-4.271881617967412,-3.97671138362562"
1.1833333333333333,30,Human,0,26,22,1252,-1.1833333333333333,"-1.1439928351036195,-1.201691864650828,-1.2456081900002622,-1.2536957043436523"
2.716666666666667,33,Human,3,29,24,175,-2.716666666666667,"-3.2501308365756665,-3.2771178856757386,-3.2571425905959934,-2.7494586227152125"
2.8333333333333335,34,Human,1,30,25,1140,-2.8333333333333335,"-2.8980574194116073,-2.867151912468099,-2.9177899370228415,-2.9071241435678252"
2.0,35,Human,0,31,26,308,-2.0,"-2.0154048346260036,-2.478033602496319,-2.1833900297157145,-2.8103830145433544"
1.6166666666666667,36,Human,1,32,3,1776,-1.6166666666666667,"-1.6437510409315468,-1.6246569198698504,-1.6732673209955986,-1.6569943505353353"
2.45,40,Human,1,36,2,1336,-2.45,"-2.474242189392849,-2.4505519720049365,-2.5012808124790022,-2.463910823783372"
0.7833333333333333,43,Human,0,38,14,701,-0.7833333333333333,"-0.8589544537538639,-1.0688504919606432,-1.3815454763618913,-1.2517758579313656"
4.95,44,Human,0,39,30,694,-4.95,"-4.981028287714961,-5.033989360790011,-5.031814057747196,-5.022829163746218"
2.2333333333333334,45,Human,0,40,3,122,-2.2333333333333334,"-2.2333247878095026,-2.2460632785077794,-2.3010175185985124,-2.2806816407007444"
2.533333333333333,46,Human,0,41,27,1311,-2.533333333333333,"-2.5238229702165356,-2.5522201363071706,-2.579985063083374,-2.5896522978965053"
5.233333333333333,47,Human,1,42,31,1066,-5.233333333333333,"-5.323226196125673,-5.2553860787264455,-5.295727551134012,-5.29438775567277"
0.8,48,Human,0,43,32,490,-0.8,"-0.7933502223415413,-0.8936645068394528,-0.8587473002159828,-0.8861051115910727"
1.7666666666666666,49,Human,3,38,33,239,-1.7666666666666666,"-1.8745929445644347,-1.779696236387716,-2.0084581713462923,-1.766841185409828"
1.7,50,Human,0,44,34,1055,-1.7,"-1.6863132447195488,-1.800422750179986,-1.8053153827693789,-1.8040383896683223"
4.666666666666667,51,Human,1,45,35,1117,-4.666666666666667,"-4.680770047446733,-4.637062658353129,-4.718207705496556,-4.69674700878606"
3.3833333333333333,53,Human,0,47,37,1746,-3.3833333333333333,"-3.2979670466805047,-3.3940579707522183,-3.4041949646592267,-3.4005790485788268"
6.033333333333333,55,Human,3,48,39,1762,-6.033333333333333,"-6.024102208551876,-6.047203927149343,-6.062306596559274,-6.006944470685255"
6.95,56,Human,1,9,40,518,-6.95,"-6.939052886303971,-6.923779296713506,-7.005500887935342,-6.947508387501389"
5.9,59,Human,3,19,43,136,-5.9,"-5.953418412808153,-6.0370282700453215,-5.945350839229471,-5.922256680335561"
2.75,60,Human,3,49,34,562,-2.75,"-2.862541873578114,-2.822383880969523,-2.814087256865851,-2.759325277604993"
4.35,62,Human,2,51,45,520,-4.35,"-4.27336185768952,-4.275944955945317,-4.267718851578156,-4.2743371271466195"
1.6333333333333333,64,Human,1,53,47,1107,-1.6333333333333333,"-1.6418234924800925,-1.635098029231243,-1.6427420596990516,-1.7434232254371547"
1.5,66,Human,0,55,48,642,-1.5,"-1.4963395751101376,-1.5400277417806578,-1.5808969191708362,-1.5105060305763756"
2.816666666666667,67,Human,0,56,49,757,-2.816666666666667,"-2.832115061944681,-2.9296331184610764,-2.9106502103342082,-3.084875068288982"
3.1,68,Human,3,57,13,1625,-3.1,"-5.867346983379116,-3.124230396624941,-6.387482350450866,-3.1054269191228356"
1.7666666666666666,71,Human,0,60,52,1150,-1.7666666666666666,"-1.772204454745152,-1.7945352693644228,-1.8225511589840282,-1.8112584098215612"
1.8,72,Human,1,61,53,2,-1.8,"-1.8419517802440635,-1.816656105657125,-1.8346207816709459,-2.117052235845007"
3.7666666666666666,73,Human,3,29,22,51,-3.7666666666666666,"-3.8002428855539674,-3.8330506825489628,-3.792517229713912,-3.7513818732489654"
4.066666666666666,74,Human,0,62,54,211,-4.066666666666666,"-4.058371729167501,-4.1401997789923275,-4.089424285093551,-4.159361969864719"
3.1,76,Human,2,30,55,972,-3.1,"-3.095131715431927,-3.0966164824254054,-3.069827723524084,-3.098200536966353"
2.85,77,Human,0,61,56,1281,-2.85,"-2.8958287594169727,-2.953589148706476,-2.9508475021443554,-3.036132648986079"
3.15,78,Human,0,46,57,1152,-3.15,"-3.160605686981931,-3.1729275761075133,-3.2126540550198097,-3.2126208648686214"
1.4166666666666667,79,Human,0,64,58,969,-1.4166666666666667,"-1.4112964506186378,-1.4860354211663067,-1.5354307655387571,-1.7314134869210458"
1.95,82,Human,1,67,61,101,-1.95,"-2.0070405786583776,-1.9823244366954575,-2.112970453605151,-2.033886265950523"
0.9166666666666666,83,Human,0,68,62,1301,-0.9166666666666666,"-0.9103075644675431,-0.9442363874203101,-1.3933723863242018,-1.3992399169217542"
3.966666666666667,84,Human,0,69,63,588,-3.966666666666667,"-3.9643613717178967,-4.668581758145328,-3.9667700417432994,-3.9955790288791286"
2.316666666666667,85,Human,1,31,18,441,-2.316666666666667,"-2.3693133536786766,-2.3608772274109064,-2.3954977381522173,-2.3758430279925418"
2.9166666666666665,86,Human,2,70,3,1278,-2.9166666666666665,"-3.018981182783506,-3.0948482334194543,-2.8996513653329004,-3.061202128852194"
1.3666666666666667,90,Human,1,74,48,1401,-1.3666666666666667,"-1.4628465963462962,-1.3651068239467743,-1.409099084385646,-1.5990572174084026"
1.2833333333333334,91,Human,2,75,65,325,-1.2833333333333334,"-1.3152917856023705,-1.311128440928552,-1.2125281157538887,-1.2869481292941392"
0.9333333333333333,94,Human,0,77,67,331,-0.9333333333333333,"-0.9343254296543079,-1.0517928717796188,-1.0043806828095339,-0.9809017750673558"
1.35,95,Human,0,72,68,1220,-1.35,"-1.3667020155244705,-2.5590152118154927,-1.3898352247696724,-1.3897737513918333"
1.7333333333333334,96,Human,1,38,69,804,-1.7333333333333334,"-1.8151761885289177,-1.7693354528078842,-1.8438308615310777,-1.968916486681065"
2.183333333333333,97,Human,0,78,47,1551,-2.183333333333333,"-2.167062440362689,-2.213601314086118,-2.4165081525770855,-2.285567248872191"
1.1,98,Human,1,79,3,1797,-1.1,"-1.236692965492349,-1.074423801268559,-1.7785098218245154,-1.7265059821316908"
0.7333333333333333,99,Human,0,59,42,1702,-0.7333333333333333,"-0.7461615558678638,-0.8554811615070794,-0.7941984641228701,-0.9199484041276696"
1.1333333333333333,100,Human,0,77,48,1792,-1.1333333333333333,"-1.0403390034629372,-1.1393923486053892,-1.1294671633706013,-1.2648398694053844"
2.25,101,Human,1,30,34,761,-2.25,"-2.2846800451149045,-2.2780811517726685,-2.28950137242666,-2.375180325203147"
2.3,102,Human,0,38,52,492,-2.3,"-2.3525885937110513,-2.3680751543994067,-2.364685625269729,-2.455545900403203"
3.6,103,Human,1,80,70,1059,-3.6,"-3.6039670888210837,-3.5921380155671474,-3.6109460332423367,-3.616716985921217"
1.8666666666666667,104,Human,1,81,71,1489,-1.8666666666666667,"-1.9321641660667148,-1.8531135041976967,-1.965914374850012,-1.9070378628269742"
2.1666666666666665,105,Human,1,40,72,265,-2.1666666666666665,"-2.1975838163358805,-2.16601008706238,-2.259540892536597,-2.2102328006424514"
0.9,107,Human,2,36,27,940,-0.9,"-1.0002615790736742,-0.9355762898968083,-0.9147813129624123,-1.023886729061675"
1.5333333333333334,108,Human,0,83,48,1153,-1.5333333333333334,"-1.5332128193363874,-1.6703461483081359,-1.7225821934245265,-2.720368168865819"
0.43333333333333335,110,Human,0,79,73,1350,-0.43333333333333335,"-0.4486842969094416,-0.4875731849642848,-0.4680085933120311,-0.46487069302130224"
1.3333333333333333,111,Human,0,64,37,763,-1.3333333333333333,"-1.3211447712189068,-1.632067434605231,-2.101756858250861,-1.3636294696424283"
1.95,112,Human,0,23,14,431,-1.95,"-1.931090450723153,-1.9808215313972006,-2.1345552319810817,-1.977856210988648"
1.15,114,Human,0,86,5,1751,-1.15,"-1.1625163055569123,-1.2048482332997363,-1.1807027520654285,-1.1902932565394768"
2.5166666666666666,115,Human,0,87,75,817,-2.5166666666666666,"-2.56050242586587,-2.6203307889450596,-2.6492674251562924,-2.65737770031016"
2.0166666666666666,116,Human,0,88,74,1177,-2.0166666666666666,"-2.0058467241931677,-2.066797244536984,-2.045205788218797,-2.062950158231946"
5.583333333333333,117,Human,1,89,76,353,-5.583333333333333,"-5.7748024868568075,-5.718911595210449,-5.800603163342169,-5.806191950224728"
3.9,118,Human,0,90,77,682,-3.9,"-4.138690710925128,-4.144391289849118,-4.152756581636163,-4.181230838948024"
6.416666666666667,122,Human,2,94,81,402,-6.416666666666667,"-6.66418573765547,-6.684137598831906,-6.368489152360404,-6.721441904087485"
0.95,124,Human,2,96,83,8,-0.95,"-0.9525783345332376,-0.9834749757619392,-0.9499999999999997,-1.0136837053035757"
0.8333333333333334,125,Human,0,97,84,908,-0.8333333333333334,"-0.8285662019656868,-0.9490347972162225,-0.9514456443484522,-0.8701927141828655"
0.65,127,Human,0,76,86,255,-0.65,"-0.602066194051531,-0.6501571921094313,-0.678642668586513,-0.6479039155267581"
1.3,128,Human,0,98,3,855,-1.3,"-1.2850082660912854,-1.5711542085929011,-1.5625669748400328,-1.639128668025886"
4.183333333333334,131,Human,2,101,3,305,-4.183333333333334,"-4.170014202008206,-4.1666396879104814,-4.14174789272437,-4.165802734363193"
1.45,133,Human,0,46,88,29,-1.45,"-1.449983208470686,-1.4557890938608082,-1.471589957407724,-1.468159670269836"
1.3166666666666667,135,Human,1,18,27,656,-1.3166666666666667,"-1.3748267406959445,-1.3408407366508641,-1.365946747300216,-1.3502848591312697"
1.2,138,Human,0,104,3,1151,-1.2,"-1.170330255689667,-1.2072199944210404,-1.1962361020710282,-1.2282098874077474"
3.35,139,Human,0,76,2,1319,-3.35,"-3.3670413328385678,-3.420801663937495,-3.437619587088574,-3.4375907918288577"
1.5333333333333334,141,Human,1,86,33,391,-1.5333333333333334,"-1.5592630970578358,-1.5344989797193442,-1.6611072714182868,-1.5494782817374613"
1.1,142,Human,0,8,91,1291,-1.1,"-1.095368896437969,-1.1175631389488843,-1.1128797696184305,-1.1773578113750902"
1.9166666666666667,143,Human,3,106,2,1117,-1.9166666666666667,"-1.9665303575713944,-2.02692344612431,-1.9234950970894136,-1.9125213110169699"
3.966666666666667,145,Human,0,91,10,1538,-3.966666666666667,"-3.623690753261811,-3.6545228562715204,-3.6530825980849615,-3.6525024844119067"
1.0333333333333334,146,Human,0,108,27,1575,-1.0333333333333334,"-1.0090098229256523,-1.0635755966878813,-1.076207343412527,-1.1278788192944564"
3.466666666666667,150,Human,3,109,1,756,-3.466666666666667,"-3.590034463939644,-3.4745080418356116,-3.5658234920173975,-3.4454973369029664"
2.9166666666666665,151,Human,1,110,65,654,-2.9166666666666665,"-3.0054556400227495,-2.950077547549697,-3.175083716095152,-3.1675682520303865"
3.1333333333333333,153,Human,1,112,94,259,-3.1333333333333333,"-3.1828867495313875,-3.1652835898557448,-3.2178414491682563,-3.183673314388923"
1.8333333333333333,156,Human,2,114,96,1060,-1.8333333333333333,"-1.92764691096367,-1.9778788476087386,-1.8352966985508294,-2.056657318810179"
1.9333333333333333,157,Human,0,103,97,460,-1.9333333333333333,"-1.9248251053004637,-1.98203467913985,-2.0253219617929847,-1.9826234741889601"
2.65,158,Human,1,42,98,1528,-2.65,"-2.8142407761007298,-2.6877751509280468,-2.8077240721891714,-2.811791095715747"
1.4,162,Human,0,97,100,1750,-1.4,"-1.4066834503291599,-1.539052363810895,-3.3805998472417427,-2.041434980431088"
2.8833333333333333,165,Human,0,120,103,1778,-2.8833333333333333,"-2.9283435258836317,-2.9410132891058947,-2.9393137499544584,-2.935466809426048"
1.75,167,Human,2,122,33,1259,-1.75,"-1.7800658385985124,-1.8377868970482365,-1.749449157471604,-1.881711063114951"
1.3166666666666667,168,Human,1,123,83,1602,-1.3166666666666667,"-1.2550984738357787,-1.2134604865010952,-1.2498368130549555,-1.3478538036957044"
3.7,174,Human,0,128,83,698,-3.7,"-3.580205097711271,-3.6553330406778226,-3.645754842317374,-3.6616378822677094"
1.25,175,Human,1,77,107,1539,-1.25,"-1.2948553206449505,-1.2792535092307,-1.3655512700671069,-1.2904364170162754"
3.7,176,Human,1,23,83,1612,-3.7,"-3.7120355458761267,-3.6697039854875553,-3.726771053758593,-3.709807974881575"
2.35,178,Human,0,129,109,965,-2.35,"-2.358535614602614,-2.379418403079434,-2.3890182806441214,-2.3807328550458364"
4.366666666666666,180,Human,0,131,111,1317,-4.366666666666666,"-4.374539720497075,-4.495631762066228,-4.741536715226598,-4.411361996827417"
0.7166666666666667,181,Human,0,132,112,1756,-0.7166666666666667,"-0.7218454968692487,-0.7355156421245854,-0.7362029345279062,-0.7396037810862428"
1.55,182,Human,2,133,33,928,-1.55,"-1.5624392226157913,-1.678307175425966,-1.5299878647096012,-1.5386786196304294"
5.016666666666667,183,Human,1,134,78,172,-5.016666666666667,"-5.494898248147311,-5.3621390240462,-5.462202078233757,-5.474273290510149"
1.5333333333333334,184,Human,0,135,52,193,-1.5333333333333334,"-1.4841515752052425,-1.590530540210825,-1.5391139841724997,-1.6201197838142345"
0.8166666666666667,186,Human,0,120,42,1451,-0.8166666666666667,"-0.7992993574729623,-0.8081913762183595,-0.8192884633223582,-0.8136934133777611"
0.6833333333333333,187,Human,0,136,100,49,-0.6833333333333333,"-0.7,-0.7222824516853414,-0.7634555692804703,-0.7412207720642476"
3.05,188,Human,1,137,48,502,-3.05,"-3.310322575762118,-3.06425409580234,-3.0907648227744016,-3.321182417288388"
0.9333333333333333,189,Human,0,138,113,808,-0.9333333333333333,"-0.944189509777495,-1.0066696594497464,-0.9820964858991301,-1.0139472608167945"
2.75,190,Human,0,30,60,575,-2.75,"-2.7447866392845293,-2.91515671191204,-2.9042276509734783,-2.8669418447048685"
1.6,191,Human,0,139,33,1105,-1.6,"-1.6186553676439994,-1.6380123841654413,-1.638132867056962,-1.6379276008212327"
2.8833333333333333,192,Human,3,93,28,1593,-2.8833333333333333,"-2.8851289324849456,-2.8683159993506537,-2.9009367660187193,-2.8345655438057604"
0.7333333333333333,194,Human,0,87,83,184,-0.7333333333333333,"-0.7171486148742846,-0.7864890808735301,-0.7646863450923926,-0.7867410607151428"
3.683333333333333,196,Human,3,1,114,1501,-3.683333333333333,"-3.797308787898228,-7.025881255574371,-7.415338786976415,-3.6928006571560825"
0.9666666666666667,200,Human,0,142,83,1784,-0.9666666666666667,"-0.9764421861409879,-1.0310864108441082,-1.1328286320870693,-1.278892946941881"
1.0333333333333334,201,Human,0,115,33,350,-1.0333333333333334,"-1.0164121746209915,-1.0651687849562494,-1.062376476539058,-1.1114068663885828"
2.9166666666666665,204,Human,0,144,117,1242,-2.9166666666666665,"-2.9221015457591166,-2.938891924217051,-3.0130385044906287,-2.9734146066747327"
1.2166666666666666,207,Human,1,29,96,1204,-1.2166666666666666,"-1.267925605951524,-1.2205694129312648,-1.2531629469642431,-1.3310811615070794"
5.25,211,Human,2,149,31,1726,-5.25,"-7.120861970793192,-5.274738323968931,-5.2363488281123995,-7.883652991957282"
2.35,213,Human,3,150,95,287,-2.35,"-2.489046723151623,-2.5895765217990485,-2.4889780829518195,-2.4544044343047133"
1.2,218,Human,2,152,57,1792,-1.2,"-1.2314028884124044,-1.2339606124257527,-1.2083992633856073,-1.231570654827902"
4.883333333333334,219,Human,0,100,122,8,-4.883333333333334,"-4.882414750857617,-4.9824168465525265,-4.915164982900018,-4.886492013047042"
3.35,222,Human,0,46,119,307,-3.35,"-3.410354029319431,-3.4757150356715165,-3.4253147308502276,-3.443287208787602"
3.8833333333333333,223,Human,1,154,124,766,-3.8833333333333333,"-4.051111091521739,-3.924978147997548,-4.13417552711484,-3.9605708804720487"
3.1,224,Human,0,155,125,1537,-3.1,"-3.118140172869316,-3.13053250817401,-3.137302315005806,-3.129666203773666"
3.183333333333333,225,Human,1,6,36,1026,-3.183333333333333,"-3.228153616594452,-3.188456066370384,-3.2377958995090874,-3.2376068280167085"
2.0,228,Human,1,157,128,789,-2.0,"-2.5402270049166478,-2.151377682922984,-2.5448503652542365,-2.5133296343632434"
2.2,231,Human,1,23,95,333,-2.2,"-2.2139291636048872,-2.18039061872736,-2.2943803423127633,-2.230914032886526"
2.45,233,Human,1,159,126,1477,-2.45,"-2.5071638095738464,-2.494961754752867,-2.5028922661799586,-2.524430341589128"
5.633333333333334,234,Human,2,160,130,104,-5.633333333333334,"-5.6270930148660625,-5.6037940120731955,-5.589396300941788,-5.603966255317718"
2.033333333333333,239,Human,0,23,57,1675,-2.033333333333333,"-2.0403727649469965,-2.0635570461279684,-2.0548619623136934,-2.092781843871294"
3.6166666666666667,241,Human,1,65,41,1057,-3.6166666666666667,"-4.102541813646534,-3.5522185788217384,-3.775031370091655,-3.570551187669936"
5.1,242,Human,2,163,133,1379,-5.1,"-5.130699753696511,-5.1685255756674335,-5.109672406537935,-5.1599579078635225"
2.2333333333333334,243,Human,3,164,127,1242,-2.2333333333333334,"-2.521272814711277,-2.520206436021572,-2.2404345207738916,-2.21769126671761"
3.35,244,Human,1,165,134,21,-3.35,"-3.3594758105627127,-3.3333018116026993,-3.415259482238259,-3.3885312080894003"
2.7666666666666666,245,Human,0,166,135,110,-2.7666666666666666,"-2.7995253886148457,-2.827324205019016,-2.870845103459323,-2.969197889378571"
1.6833333333333333,250,Human,0,76,57,1255,-1.6833333333333333,"-1.671232782084258,-1.696322467917462,-1.6824791638233347,-1.6963109581178424"
6.366666666666666,251,Human,1,171,138,503,-6.366666666666666,"-6.375272258229961,-6.364368276837626,-6.379248947534829,-6.427964622662039"
5.483333333333333,252,Human,2,38,139,571,-5.483333333333333,"-5.54939874063376,-5.549058985670454,-5.489090794985884,-5.53047951636011"
1.95,253,Human,0,131,12,1788,-1.95,"-1.9410848271384324,-1.9548617489013769,-2.08309730207578,-2.04755698420814"
7.0,254,Human,0,172,40,259,-7.0,"-6.971474385689666,-7.034911339079861,-7.010447319063971,-7.011118095679656"
4.316666666666666,258,Human,2,123,141,269,-4.316666666666666,"-4.3452852764721905,-4.346337721046281,-4.326103678531482,-4.351488024631747"
0.4166666666666667,259,Human,0,114,142,1009,-0.4166666666666667,"-0.4277023143919174,-0.4426743270610294,-0.5800993330605494,-0.9684482651459824"
2.2666666666666666,260,Human,0,174,55,1473,-2.2666666666666666,"-2.1804181561998703,-2.194126005610858,-2.2244530921442722,-2.2447494092846676"
4.683333333333334,262,Human,1,89,54,960,-4.683333333333334,"-4.714054444425307,-4.673244075213354,-4.725366617450702,-4.708804781624753"
2.95,263,Human,0,22,138,1308,-2.95,"-2.9548529601141436,-2.9987583099500528,-2.973899246966666,-3.0038919357314184"
3.0833333333333335,264,Human,1,175,47,1316,-3.0833333333333335,"-3.1430556056390233,-3.089630068156075,-3.165289346939719,-3.2645808059331176"
3.1166666666666667,266,Human,2,176,4,490,-3.1166666666666667,"-3.4205681280871065,-3.5237925683713085,-3.136984293074829,-3.587174761795835"
5.1,267,Human,3,134,144,1195,-5.1,"-5.167527317187569,-5.15583569460072,-5.212869372165057,-5.11721740699513"
3.1333333333333333,268,Human,3,3,145,1417,-3.1333333333333333,"-3.1609722927663024,-3.1695947516671903,-3.169872810711086,-3.120767187641984"
3.7,269,Human,3,46,10,1646,-3.7,"-3.7514631767164444,-3.7530270682039464,-3.75183990482397,-3.6947435301588625"
4.183333333333334,270,Human,3,6,10,864,-4.183333333333334,"-4.160934556378606,-4.178900456980043,-4.160163998467985,-4.129617073190214"
1.7833333333333334,271,Human,0,177,146,994,-1.7833333333333334,"-1.770141503764015,-1.8980535180083884,-1.8239193154758764,-1.809087380444308"
5.633333333333334,274,Human,0,174,148,1396,-5.633333333333334,"-5.633550554797299,-8.729867652235288,-9.311180831072445,-5.704627706263739"
5.95,275,Human,3,124,31,244,-5.95,"-6.003184304090625,-6.027482780308526,-5.9984693969082095,-5.940812716843091"
1.1,276,Human,0,179,88,1205,-1.1,"-1.1159383558535736,-1.3058884132038606,-1.1369059318023726,-1.3970691187474171"
6.116666666666666,277,Human,2,180,14,112,-6.116666666666666,"-6.232247408926538,-6.21500097689417,-6.142851156595789,-6.368565808542568"
1.3333333333333333,282,Human,0,101,116,214,-1.3333333333333333,"-1.2833496147855699,-1.3014541925183587,-1.352896088312935,-1.3083701891910144"
5.066666666666666,283,Human,1,183,83,340,-5.066666666666666,"-5.058030109666099,-5.032047383999615,-5.058468748567627,-5.060100651678473"
4.633333333333334,286,Human,3,54,153,571,-4.633333333333334,"-4.729438590010522,-4.621731205741844,-4.799951095717636,-4.5890842375115"
5.75,287,Human,3,186,5,447,-5.75,"-5.766623772676483,-5.740421621650354,-5.822944925399151,-5.70970033183082"
2.5,288,Human,2,187,147,1241,-2.5,"-2.483198551089316,-2.5091836023293683,-2.45711931110643,-2.527561190014727"
2.566666666666667,289,Human,1,188,154,225,-2.566666666666667,"-2.5681181855131676,-2.4720806908667106,-2.640994752181112,-2.5780958324188354"
2.3833333333333333,293,Human,0,169,83,710,-2.3833333333333333,"-2.504940133866185,-2.5636091613853673,-2.5632440771225493,-2.60932443085359"
2.7666666666666666,294,Human,0,23,82,819,-2.7666666666666666,"-2.741502801202872,-2.762238205941808,-2.76625046915946,-2.8097265685084625"
2.2,295,Human,1,191,126,1430,-2.2,"-2.2208823061457905,-2.2120743899443736,-2.2198774459757793,-2.221096292994141"
1.9333333333333333,296,Human,0,164,96,1311,-1.9333333333333333,"-1.9373970989630578,-1.9589375860363014,-1.9664378389195112,-1.9677590536109437"
2.566666666666667,297,Human,3,138,147,39,-2.566666666666667,"-2.540731595040417,-2.5486185787817006,-2.546512092120585,-2.5325781860959493"
2.6,298,Human,0,52,156,893,-2.6,"-2.6227800026366124,-2.645899549229221,-2.649119494544772,-2.6833870469660193"
2.8333333333333335,300,Human,2,138,94,17,-2.8333333333333335,"-2.854105514348256,-2.859395297793652,-2.816703118590794,-2.855721462213569"
3.2666666666666666,302,Human,1,194,157,700,-3.2666666666666666,"-3.3900254841222255,-3.2648430690165386,-3.2951402269083387,-3.407687045450266"
3.716666666666667,304,Human,0,196,159,1312,-3.716666666666667,"-3.7726299059083352,-3.796415371944606,-3.8033467196116577,-3.821296528594222"
2.8666666666666667,305,Human,0,197,16,87,-2.8666666666666667,"-2.833897904554422,-2.8580950615416723,-2.8602370782640754,-2.896865240220783"
0.6666666666666666,306,Human,0,198,1,816,-0.6666666666666666,"-0.6767161727274034,-0.8390700124542256,-0.6959836317536374,-0.9362079824238224"
4.3,307,Human,2,117,160,501,-4.3,"-4.449496579503569,-4.357243592921824,-4.318851209273684,-4.352712343082485"
1.2333333333333334,308,Human,0,109,27,529,-1.2333333333333334,"-1.2379455262231682,-1.2580472748446836,-1.3431317494600434,-1.3358406527477804"
3.4,309,Human,1,199,71,1282,-3.4,"-3.4637087096616694,-3.4345661223695476,-3.4942328686419097,-3.477514670049663"
1.6333333333333333,310,Human,3,116,135,249,-1.6333333333333333,"-1.6560872926539982,-1.653773934863678,-1.6581946894147752,-1.6064769568160866"
4.483333333333333,315,Human,3,26,54,428,-4.483333333333333,"-4.481722403774959,-4.553949021728538,-4.509104537044113,-4.458854585186172"
6.066666666666666,317,Human,2,117,132,1390,-6.066666666666666,"-9.779444413524333,-6.160314989357998,-6.118838447526663,-9.23908690292269"
2.15,319,Human,2,205,162,1755,-2.15,"-2.2051602412775195,-2.1836502286427355,-2.168689394237139,-2.177662138018416"
5.016666666666667,320,Human,2,206,144,1521,-5.016666666666667,"-5.194281841174184,-5.125879319709768,-5.0468549877035285,-5.2062242671155765"
2.533333333333333,321,Human,1,204,163,334,-2.533333333333333,"-2.561169734344922,-2.5392078296384817,-2.563379300568941,-2.5518417792832473"
1.9166666666666667,322,Human,0,207,164,21,-1.9166666666666667,"-1.9166666666666665,-1.9524944564434845,-1.9422083140868736,-1.989495464362851"
2.8333333333333335,326,Human,0,165,167,1367,-2.8333333333333335,"-2.7869134596690905,-2.8311875391648784,-2.848009960025069,-2.8202541961644654"
5.75,328,Human,2,211,168,706,-5.75,"-5.641749146158464,-5.652461763487413,-5.582473817905248,-5.670224998755187"
3.3,331,Human,0,213,169,1034,-3.3,"-3.27608537404679,-3.3517254624735746,-3.300211654381682,-3.3208002184939707"
2.9,332,Human,2,158,126,278,-2.9,"-3.156489858050378,-3.1584714540927843,-3.1491048627392786,-3.1648523005918454"
3.0833333333333335,334,Human,2,96,4,1036,-3.0833333333333335,"-3.11779626601969,-3.1667662684194986,-3.083678188177896,-3.146420998471337"
7.866666666666666,335,Human,0,215,170,242,-7.866666666666666,"-7.894583789452293,-7.943153438575819,-7.931232881643104,-7.9263063455585065"
2.7666666666666666,336,Human,0,216,171,1290,-2.7666666666666666,"-2.7534721137569393,-2.7777072832586334,-2.7843064913523983,-2.779639667620499"
5.366666666666666,340,Human,0,219,5,116,-5.366666666666666,"-4.98601003163773,-5.100532169380036,-5.057003811570253,-5.127905937550473"
5.483333333333333,341,Human,1,210,110,1753,-5.483333333333333,"-5.516430923110883,-5.501446140616449,-5.514547816255991,-5.5132404582692365"
2.85,342,Human,0,220,174,846,-2.85,"-4.252552256225833,-4.280686850176286,-4.258136973840401,-4.280450708299869"
7.3,343,Human,2,221,30,577,-7.3,"-5.7950501032494195,-5.7891707797935466,-5.738391999132868,-5.79690194071148"
4.4,345,Human,1,184,175,1782,-4.4,"-4.402183036680664,-4.372026412909821,-4.437843213736597,-4.39929199226191"
2.1,346,Human,0,223,57,144,-2.1,"-1.9833342232760929,-2.1083896786568506,-2.052943288570752,-2.1890942640700355"
6.65,347,Human,0,24,40,588,-6.65,"-6.612627950738003,-6.624680800907893,-6.621924069112735,-6.637399555080611"
6.916666666666667,348,Human,2,224,176,272,-6.916666666666667,"-5.710906328781089,-5.735390409383989,-5.68429861363932,-5.711212691281768"
4.883333333333334,350,Human,3,226,178,1742,-4.883333333333334,"-5.022465735990446,-5.177856438084414,-5.134682260018659,-4.944668288057162"
6.133333333333334,351,Human,0,227,179,883,-6.133333333333334,"-6.05189822762126,-6.1127038356434245,-6.106224374436907,-6.096221725535201"
2.75,352,Human,0,228,180,1215,-2.75,"-2.751172641675753,-3.1430219620830564,-2.7903162803671475,-4.330362974802038"
2.3,353,Human,1,156,125,1090,-2.3,"-2.2976272654597447,-2.291700464919325,-2.297302321531871,-2.2966533865684204"
2.55,354,Human,0,229,108,409,-2.55,"-2.5776343378458106,-2.5964517127115645,-2.6093764814926415,-2.599585744751581"
8.283333333333333,355,Human,1,230,60,1570,-8.283333333333333,"-8.299496861728866,-8.28121047523202,-8.296300207640577,-8.293356021352293"
0.8666666666666667,356,Human,1,148,125,1758,-0.8666666666666667,"-1.1793277275891736,-0.9014878450719096,-0.9145010218574516,-0.9248479549988002"
0.9833333333333333,357,Human,0,24,181,297,-0.9833333333333333,"-0.983374145794359,-1.0008843395674687,-0.9991544878824818,-1.0035897521156003"
3.1166666666666667,359,Human,0,24,132,767,-3.1166666666666667,"-3.1044412916776487,-3.128451598390492,-3.115402727111809,-3.13104322177944"
0.75,360,Human,0,231,3,1197,-0.75,"-0.7380677201933794,-0.7734829339694229,-0.8256212964708998,-0.8947873469852385"
3.316666666666667,363,Human,0,58,49,356,-3.316666666666667,"-3.3280397283311594,-3.382679717782578,-3.3317675581802435,-3.348275004806243"
2.55,364,Human,1,79,31,1733,-2.55,"-5.632866129876156,-2.549963656014211,-5.368837332562631,-2.573870613831001"
1.0166666666666666,367,Human,1,22,184,876,-1.0166666666666666,"-1.0833952473636357,-1.0587786620760469,-1.1109995934798662,-1.2939249594505888"
1.8166666666666667,369,Human,2,216,47,374,-1.8166666666666667,"-1.8666461255850253,-1.8421401503818098,-1.8052265315067026,-1.971314616424526"
2.066666666666667,371,Human,1,235,186,1556,-2.066666666666667,"-2.100193195645338,-2.083189619644787,-2.1029741721629964,-2.1012697778196237"
4.45,373,Human,1,236,31,1360,-4.45,"-7.718380178734937,-4.428783552206113,-4.476136596000436,-4.482066824232063"
3.0166666666666666,374,Human,1,237,31,314,-3.0166666666666666,"-3.158929260789233,-3.0196335481253263,-3.174667397604556,-3.026873761313826"
1.7,376,Human,1,143,187,1567,-1.7,"-5.174713008184572,-1.7018041657171123,-1.7355407907961424,-5.3402514080147565"
3.75,378,Human,0,91,10,1232,-3.75,"-3.743279010307077,-3.7813372047792475,-3.7954937247475384,-3.7845736183536047"
2.0166666666666666,382,Human,0,235,161,109,-2.0166666666666666,"-2.016670989163532,-2.04175497511976,-2.0719030603731827,-2.077591171644162"
1.35,385,Human,0,239,132,1687,-1.35,"-1.303868633203798,-1.3668594678042316,-1.3335101441334045,-1.328905827355159"
1.1,387,Human,0,1,132,6,-1.1,"-1.0999999999999999,-1.1025121190304779,-1.2178593712503,-1.1051548577611139"
0.9166666666666666,388,Human,0,227,0,810,-0.9166666666666666,"-0.9470767607304689,-0.9868907459482019,-0.9768826615209255,-0.9714848658519142"
2.1,389,Human,3,241,190,1171,-2.1,"-2.1257048213002823,-2.1286547741401103,-2.194686635316547,-2.108473937343316"
1.4833333333333334,393,Human,0,239,8,241,-1.4833333333333334,"-1.4970334670667138,-1.5012184098733665,-1.6786353257355975,-1.5181103906684261"
0.7166666666666667,395,Human,0,242,0,317,-0.7166666666666667,"-0.7108823412220113,-0.7355839854084761,-0.8554556049557438,-1.247716224106212"
1.3833333333333333,396,Human,1,234,178,1077,-1.3833333333333333,"-1.4342294431485483,-1.3890098275586789,-1.449665163426926,-1.4010922590278283"
1.3833333333333333,399,Human,0,234,132,1492,-1.3833333333333333,"-1.3867182569696257,-1.455291388528918,-1.4298474298056159,-1.428406965202784"
0.8333333333333334,401,Human,0,1,60,521,-0.8333333333333334,"-0.8922612906548668,-0.917690517164387,-0.9191592608591315,-0.9416892920566357"
4.533333333333333,406,Human,0,244,191,401,-4.533333333333333,"-4.526616240769073,-4.8984883750706025,-4.548963878880097,-4.555954581817629"
5.766666666666667,408,Human,0,245,54,273,-5.766666666666667,"-5.744052423481826,-5.803034657034102,-5.7640255927680135,-5.76997684184301"
3.3833333333333333,411,Human,3,1,3,1504,-3.3833333333333333,"-6.818974478694413,-6.530920753604518,-3.2019680500507,-3.189932681256031"
1.8333333333333333,412,Human,3,219,85,381,-1.8333333333333333,"-1.8520726305760602,-1.8630159007710712,-1.8454999599311988,-1.8213373642803763"
1.2166666666666666,413,Human,0,246,66,387,-1.2166666666666666,"-1.142810431884533,-1.1470919389719223,-1.256206095512359,-1.1990764386849053"
5.966666666666667,414,Human,0,247,192,827,-5.966666666666667,"-5.958178247532645,-5.990939992728708,-6.014020375211469,-5.993931608714689"
1.15,416,Human,1,248,193,1545,-1.15,"-1.1890748438748844,-1.1551856802370803,-1.2082396088490062,-2.0956889911453347"
1.7666666666666666,417,Human,1,249,150,1398,-1.7666666666666666,"-1.7392123214017121,-1.7075754044600262,-1.737069174091644,-2.8828815818946905"
1.0333333333333334,419,Human,0,188,194,764,-1.0333333333333334,"-1.0275431499033338,-1.0426362371010323,-1.100393568514519,-1.2507919366450684"
1.0166666666666666,420,Human,0,186,66,664,-1.0166666666666666,"-0.9933866365054571,-1.0490693736501082,-1.0506239500839931,-1.018256874467003"
1.2333333333333334,421,Human,1,248,193,1697,-1.2333333333333334,"-1.326154694746593,-1.2727580867737105,-1.3428242204125382,-2.0956889911453347"
3.25,422,Human,1,250,195,736,-3.25,"-2.9283033359397166,-2.911307745947017,-2.928242352120688,-2.9386507201314167"
4.85,423,Human,1,186,97,115,-4.85,"-4.899856654975904,-4.854101234956714,-4.883521469230688,-4.906058791697474"
4.35,424,Human,0,82,196,1296,-4.35,"-4.3528250120529925,-4.401916059212176,-4.3629142197423425,-4.379167674218519"
2.466666666666667,426,Human,0,132,31,719,-2.466666666666667,"-2.443133925670416,-2.4761198689592545,-2.4955655080068704,-2.4836977358463916"
1.3833333333333333,427,Human,1,47,64,1399,-1.3833333333333333,"-1.31970935688428,-1.2944710402864452,-1.3205626294762525,-1.346222946050977"
2.566666666666667,430,Human,0,98,4,940,-2.566666666666667,"-2.5877428153395567,-2.7020839257869635,-2.6937183430654086,-2.6938492765907265"
4.383333333333334,431,Human,1,252,172,211,-4.383333333333334,"-4.429442708652823,-4.389033911973623,-4.447567521904476,-4.438284590360822"
3.6,432,Human,0,253,198,67,-3.6,"-3.583841436087664,-3.6114881314524534,-3.633779537685654,-3.608694616290566"
6.233333333333333,433,Human,0,245,1,1706,-6.233333333333333,"-6.243860766473752,-9.763677892082292,-9.014622363907387,-6.31265841213978"
3.5833333333333335,434,Human,0,237,0,358,-3.5833333333333335,"-3.7231902237761916,-3.77410311162347,-4.287722799853246,-3.7616661284769677"
2.05,436,Human,0,255,199,1382,-2.05,"-1.9095750688485,-1.968543875985871,-1.9839370860178893,-2.0015622821904833"
3.0166666666666666,437,Human,1,214,110,94,-3.0166666666666666,"-3.05363564224172,-3.0488072340526915,-3.075425098888518,-3.056715397465826"
1.7166666666666666,438,Human,0,211,108,1032,-1.7166666666666666,"-1.708313057422978,-1.7469498995383776,-1.7706318403334076,-1.732116441857577"
5.1,439,Human,1,26,198,1644,-5.1,"-5.156033322329093,-5.126795320833745,-5.139169126049638,-5.137189021414459"
3.066666666666667,441,Human,0,89,200,1425,-3.066666666666667,"-3.0591140439751503,-3.084146389536997,-3.098559609835485,-3.088693758242271"
5.6,442,Human,1,159,172,795,-5.6,"-5.641677046775456,-5.5864620811137815,-5.611828178498195,-5.647200018215283"
5.133333333333334,443,Human,1,159,201,383,-5.133333333333334,"-5.363889992997075,-5.1340238309724215,-5.154817729604647,-5.173363439210325"
2.85,446,Human,3,52,203,1764,-2.85,"-5.4340885994643875,-2.9692470432873996,-5.6434355000242356,-2.836820880618643"
3.566666666666667,448,Human,2,217,47,476,-3.566666666666667,"-3.641118310801624,-3.6109714571979916,-3.5656073545631517,-3.821849832223545"
2.3333333333333335,450,Human,0,33,60,186,-2.3333333333333335,"-2.365505460979663,-2.379605181813819,-2.4357894155072963,-2.3849632221823813"
1.7333333333333334,451,Human,0,240,18,1050,-1.7333333333333334,"-1.733550888859082,-1.7880457894329223,-1.8011597021646018,-1.7860788310647915"
0.8166666666666667,455,Human,1,259,132,794,-0.8166666666666667,"-0.8280513693688624,-0.8175757184835514,-0.8624821195104393,-0.841906887449004"
0.9333333333333333,456,Human,0,184,193,1694,-0.9333333333333333,"-0.9305983019883385,-0.9699731221502281,-0.9596364903886732,-0.9744780417566594"
2.55,458,Human,1,188,57,251,-2.55,"-2.5651662976755656,-2.553367208561932,-2.6485055529311037,-2.5713602294523854"
1.2333333333333334,459,Human,0,261,110,659,-1.2333333333333334,"-1.238228854615191,-1.2647754167962804,-1.2731371041207795,-1.285164446915534"
1.5333333333333334,460,Human,0,7,204,1559,-1.5333333333333334,"-1.5359193153994806,-1.5502182003818006,-1.5951817073712975,-1.5538666492550748"
1.7,463,Human,0,54,57,77,-1.7,"-1.7000019172501573,-1.8517610508351052,-1.7662491897137875,-1.7819919302945413"
8.583333333333334,464,Human,3,54,205,118,-8.583333333333334,"-7.4424376881540315,-7.428667247105591,-7.4381765768979875,-7.142878759598474"
0.9333333333333333,465,Human,0,184,206,748,-0.9333333333333333,"-0.9380828247474728,-0.9599526333807384,-0.9462850484162075,-0.9664038404607633"
1.2333333333333334,466,Human,1,54,66,87,-1.2333333333333334,"-1.24860666685538,-1.2004889285789357,-1.309302922966163,-1.2660155200383973"
0.5,468,Human,0,234,6,928,-0.5,"-0.4793988374765376,-0.4982694012958964,-0.5383969282457404,-0.5211447084233262"
0.8666666666666667,469,Human,1,105,132,1292,-0.8666666666666667,"-0.8994542693881196,-0.8874488751074496,-0.9358346397888169,-1.1046316294696423"
2.9833333333333334,471,Human,0,217,125,139,-2.9833333333333334,"-3.0004084071808874,-3.0110044265646367,-3.022960680722992,-3.0432860882697055"
3.816666666666667,472,Human,1,23,176,1788,-3.816666666666667,"-3.8472818784569345,-3.822677650415862,-3.8456391860246133,-3.8469497643901227"
4.216666666666667,477,Human,0,117,71,1152,-4.216666666666667,"-4.534191789572415,-4.56423655968505,-4.565502408847987,-4.560211470430305"
4.2,478,Human,0,39,209,223,-4.2,"-4.206051271975629,-4.225721342495481,-4.282722385124551,-4.243405810462415"
2.8333333333333335,480,Human,2,264,40,1021,-2.8333333333333335,"-2.885883288696905,-2.9261833568514524,-2.867758445282451,-2.924901532997361"
0.75,481,Human,0,204,210,1249,-0.75,"-0.72770382202695,-0.7627828173746101,-0.7553755699544036,-1.0881569474442043"
3.2,482,Human,2,265,152,795,-3.2,"-3.252872812555796,-3.2613006640260958,-3.21185136044323,-3.25430561463691"
2.0833333333333335,483,Human,0,266,10,1425,-2.0833333333333335,"-2.062050038701835,-2.1361251668967087,-2.172244781569935,-2.096769296853717"
0.8833333333333333,484,Human,0,267,2,1777,-0.8833333333333333,"-0.8956364619669531,-0.9174586993040559,-0.9760955123590114,-0.9339227261819054"
1.0333333333333334,487,Human,0,193,211,1341,-1.0333333333333334,"-1.014790809907886,-1.147780177585793,-1.0634197264218865,-1.1719534437245018"
3.8666666666666667,488,Human,0,269,2,1729,-3.8666666666666667,"-4.2409222298264115,-4.2499134548625435,-4.27251989945026,-4.264663240762741"
4.25,491,Human,2,270,71,1761,-4.25,"-4.418821957334224,-4.435137494609473,-4.380568883849595,-4.43830329393856"
1.0166666666666666,493,Human,0,193,144,1625,-1.0166666666666666,"-1.0471345333470756,-1.0793674106071514,-1.0787614110871133,-2.06088912886969"
7.683333333333334,498,Human,0,245,212,613,-7.683333333333334,"-7.729662041940449,-7.778626363664312,-7.763904736429452,-7.768965067226525"
1.9333333333333333,499,Human,0,273,213,56,-1.9333333333333333,"-1.9000000114720441,-1.9099827270381158,-1.9170013770191792,-1.9143331836080182"
2.4,501,Human,1,275,1,1146,-2.4,"-2.4664434631279275,-2.425613232967018,-2.4518878613239394,-2.4816526611009335"
3.2333333333333334,502,Human,0,197,175,1178,-3.2333333333333334,"-3.1948843848950848,-3.284897470403076,-3.2392967061976217,-3.2460711935928273"
3.216666666666667,503,Human,1,276,27,821,-3.216666666666667,"-3.259553501382179,-3.1726877491141416,-3.2185122118754523,-3.267633081931518"
6.666666666666667,505,Human,2,263,215,112,-6.666666666666667,"-6.819217835411944,-6.818936864070404,-6.779251604012218,-6.822720084898748"
2.9833333333333334,506,Human,0,278,216,370,-2.9833333333333334,"-3.6593613044525153,-3.7601655074147304,-3.71295394004828,-3.765590145138318"
1.9166666666666667,507,Human,1,279,71,1499,-1.9166666666666667,"-1.9142746882435315,-1.8978070553860464,-1.900944616209651,-1.9188125048624953"
3.0,508,Human,0,23,4,1455,-3.0,"-3.0055920543653136,-3.061821963187766,-3.039391991466966,-3.0247974887337543"
7.15,509,Human,0,280,172,132,-7.15,"-7.147061732690588,-7.736732977773055,-7.2783217588995015,-7.283150915708298"
4.833333333333333,510,Human,3,281,66,263,-4.833333333333333,"-4.895587184646231,-4.887765442701859,-5.411662619854775,-4.8475574399890125"
2.45,511,Human,0,80,152,284,-2.45,"-2.4490985799917078,-2.529059706449123,-2.487596096348163,-2.4830185238628837"
2.8833333333333333,513,Human,0,283,10,755,-2.8833333333333333,"-2.8427546313736185,-2.8869033056862783,-2.8536821469618223,-2.857155396201943"
2.5166666666666666,514,Human,0,39,40,1686,-2.5166666666666666,"-2.5124750217503196,-2.527368885950434,-2.557655113118999,-2.5368084480617306"
0.7666666666666667,516,Human,0,151,139,624,-0.7666666666666667,"-0.7603824143886918,-0.7952075833933288,-0.988816894648428,-0.8033146148308137"
0.6833333333333333,517,Human,1,39,217,1224,-0.6833333333333333,"-0.7400417758579315,-0.6877363846609506,-0.7666258699304056,-0.7709604031677466"
5.483333333333333,521,Human,2,184,135,241,-5.483333333333333,"-5.532928293057488,-5.546315680551924,-5.490268934712523,-5.53714475829091"
2.816666666666667,522,Human,0,284,125,238,-2.816666666666667,"-2.834583401703572,-2.860143884927259,-2.860475459958252,-2.8597615276018415"
