travel_time,id,kind,action,origin,destination,start_time,reward,cost_table
2.0166666666666666,56,AV,0,2,50,1412,-2.0166666666666666,"0,0,0,0"
3.1333333333333333,385,AV,1,98,40,1680,-3.1333333333333333,"0,0,0,0"
1.85,955,AV,1,466,342,1479,-1.85,"0,0,0,0"
1.6833333333333333,201,AV,0,162,128,526,-1.6833333333333333,"0,0,0,0"
7.05,633,AV,3,351,253,830,-7.05,"0,0,0,0"
4.233333333333333,503,AV,2,294,92,500,-4.233333333333333,"0,0,0,0"
39.833333333333336,923,AV,3,37,28,643,-39.833333333333336,"0,0,0,0"
4.216666666666667,965,AV,0,34,19,1039,-4.216666666666667,"0,0,0,0"
9.216666666666667,138,AV,1,117,19,1378,-9.216666666666667,"0,0,0,0"
3.933333333333333,625,AV,2,347,265,713,-3.933333333333333,"0,0,0,0"
6.333333333333333,824,AV,0,138,130,1723,-6.333333333333333,"0,0,0,0"
2.433333333333333,684,AV,1,72,286,617,-2.433333333333333,"0,0,0,0"
1.6,843,AV,0,192,321,1754,-1.6,"0,0,0,0"
15.366666666666667,31,AV,3,31,27,960,-15.366666666666667,"0,0,0,0"
3.683333333333333,709,AV,2,118,51,878,-3.683333333333333,"0,0,0,0"
3.0166666666666666,595,AV,0,336,249,872,-3.0166666666666666,"0,0,0,0"
3.0,796,AV,0,297,72,1308,-3.0,"0,0,0,0"
3.5,509,AV,0,299,23,772,-3.5,"0,0,0,0"
8.65,869,AV,0,253,46,1068,-8.65,"0,0,0,0"
1.4,758,AV,2,50,245,581,-1.4,"0,0,0,0"
39.13333333333333,600,AV,1,250,13,1466,-39.13333333333333,"0,0,0,0"
8.616666666666667,542,AV,2,222,20,1003,-8.616666666666667,"0,0,0,0"
5.0,247,AV,3,179,20,478,-5.0,"0,0,0,0"
6.183333333333334,84,AV,2,57,0,803,-6.183333333333334,"0,0,0,0"
10.883333333333333,153,AV,2,131,106,775,-10.883333333333333,"0,0,0,0"
11.5,176,AV,2,148,110,1028,-11.5,"0,0,0,0"
2.8333333333333335,523,AV,3,198,6,1667,-2.8333333333333335,"0,0,0,0"
7.216666666666667,220,AV,2,170,140,841,-7.216666666666667,"0,0,0,0"
4.233333333333333,141,AV,2,120,81,796,-4.233333333333333,"0,0,0,0"
7.033333333333333,231,AV,2,17,20,1287,-7.033333333333333,"0,0,0,0"
2.2333333333333334,722,AV,2,398,293,1152,-2.2333333333333334,"0,0,0,0"
4.8,701,AV,0,12,3,737,-4.8,"0,0,0,0"
3.05,183,AV,1,154,99,1713,-3.05,"0,0,0,0"
0.9666666666666667,547,AV,3,317,122,967,-0.9666666666666667,"0,0,0,0"
2.65,854,AV,3,202,32,1582,-2.65,"0,0,0,0"
2.3833333333333333,718,AV,0,396,66,1553,-2.3833333333333333,"0,0,0,0"
2.65,382,AV,3,234,185,620,-2.65,"0,0,0,0"
17.383333333333333,821,AV,3,446,72,1510,-17.383333333333333,"0,0,0,0"
4.2,265,AV,3,166,149,940,-4.2,"0,0,0,0"
2.966666666666667,535,AV,1,312,0,1366,-2.966666666666667,"0,0,0,0"
40.28333333333333,93,AV,3,78,51,1752,-40.28333333333333,"0,0,0,0"
11.616666666666667,75,AV,1,40,65,1202,-11.616666666666667,"0,0,0,0"
1.7666666666666666,839,AV,3,454,87,1552,-1.7666666666666666,"0,0,0,0"
20.2,90,AV,1,75,72,1335,-20.2,"0,0,0,0"
12.816666666666666,275,AV,3,164,63,1077,-12.816666666666666,"0,0,0,0"
21.15,91,AV,1,76,23,1117,-21.15,"0,0,0,0"
4.566666666666666,249,AV,2,181,138,501,-4.566666666666666,"0,0,0,0"
2.8333333333333335,430,AV,0,186,197,455,-2.8333333333333335,"0,0,0,0"
5.75,403,AV,0,17,191,1557,-5.75,"0,0,0,0"
42.333333333333336,118,AV,0,100,88,1177,-42.333333333333336,"0,0,0,0"
1.8833333333333333,760,AV,1,123,108,1773,-1.8833333333333333,"0,0,0,0"
15.316666666666666,916,AV,3,30,176,1009,-15.316666666666666,"0,0,0,0"
2.7,158,AV,1,135,109,581,-2.7,"0,0,0,0"
1.0,859,AV,2,460,87,1495,-1.0,"0,0,0,0"
2.4833333333333334,966,AV,0,465,356,815,-2.4833333333333334,"0,0,0,0"
2.2666666666666666,960,AV,2,12,51,483,-2.2666666666666666,"0,0,0,0"
7.8,94,AV,3,57,20,941,-7.8,"0,0,0,0"
16.383333333333333,146,AV,1,124,102,1726,-16.383333333333333,"0,0,0,0"
15.116666666666667,921,AV,3,488,324,1077,-15.116666666666667,"0,0,0,0"
3.3833333333333333,670,AV,0,374,55,1569,-3.3833333333333333,"0,0,0,0"
2.1,962,AV,3,320,356,936,-2.1,"0,0,0,0"
23.983333333333334,485,AV,3,282,6,627,-23.983333333333334,"0,0,0,0"
38.333333333333336,483,AV,2,280,92,1655,-38.333333333333336,"0,0,0,0"
6.316666666666666,778,AV,1,332,295,730,-6.316666666666666,"0,0,0,0"
15.3,991,AV,3,130,97,822,-15.3,"0,0,0,0"
3.0,648,AV,0,362,261,1317,-3.0,"0,0,0,0"
1.95,256,AV,0,186,17,1280,-1.95,"0,0,0,0"
1.5833333333333333,197,AV,3,160,128,1017,-1.5833333333333333,"0,0,0,0"
11.766666666666667,125,AV,3,107,93,1712,-11.766666666666667,"0,0,0,0"
1.7833333333333334,473,AV,3,271,20,883,-1.7833333333333334,"0,0,0,0"
8.416666666666666,77,AV,2,64,66,1141,-8.416666666666666,"0,0,0,0"
8.75,886,AV,1,167,327,1391,-8.75,"0,0,0,0"
6.15,405,AV,0,17,192,1656,-6.15,"0,0,0,0"
3.0,551,AV,3,307,4,1664,-3.0,"0,0,0,0"
7.2,290,AV,2,182,20,1763,-7.2,"0,0,0,0"
4.533333333333333,914,AV,0,486,46,494,-4.533333333333333,"0,0,0,0"
0.9166666666666666,114,AV,0,96,87,1476,-0.9166666666666666,"0,0,0,0"
1.75,833,AV,0,192,10,875,-1.75,"0,0,0,0"
10.233333333333333,179,AV,1,150,72,1225,-10.233333333333333,"0,0,0,0"
18.583333333333332,451,AV,0,227,205,962,-18.583333333333332,"0,0,0,0"
4.066666666666666,745,AV,1,401,263,612,-4.066666666666666,"0,0,0,0"
7.116666666666666,549,AV,3,319,20,663,-7.116666666666666,"0,0,0,0"
3.0,658,AV,1,365,84,1597,-3.0,"0,0,0,0"
2.933333333333333,61,AV,1,53,54,1578,-2.933333333333333,"0,0,0,0"
9.4,717,AV,2,241,117,1487,-9.4,"0,0,0,0"
39.13333333333333,632,AV,3,350,92,1593,-39.13333333333333,"0,0,0,0"
4.483333333333333,931,AV,0,495,28,809,-4.483333333333333,"0,0,0,0"
13.483333333333333,137,AV,1,116,93,1681,-13.483333333333333,"0,0,0,0"
2.6,545,AV,0,316,61,1580,-2.6,"0,0,0,0"
4.75,207,AV,1,71,87,1324,-4.75,"0,0,0,0"
3.933333333333333,143,AV,2,121,100,423,-3.933333333333333,"0,0,0,0"
3.15,251,AV,2,17,130,1337,-3.15,"0,0,0,0"
14.783333333333333,887,AV,2,100,334,1060,-14.783333333333333,"0,0,0,0"
1.5833333333333333,471,AV,3,269,191,1058,-1.5833333333333333,"0,0,0,0"
3.7333333333333334,175,AV,1,147,120,1649,-3.7333333333333334,"0,0,0,0"
2.1666666666666665,829,AV,2,65,317,1181,-2.1666666666666665,"0,0,0,0"
4.75,657,AV,2,281,19,1491,-4.75,"0,0,0,0"
8.833333333333334,685,AV,0,379,19,1708,-8.833333333333334,"0,0,0,0"
20.433333333333334,922,AV,2,489,223,677,-20.433333333333334,"0,0,0,0"
2.6666666666666665,57,AV,3,50,51,778,-2.6666666666666665,"0,0,0,0"
2.966666666666667,242,AV,3,177,33,739,-2.966666666666667,"0,0,0,0"
4.866666666666666,5,AV,0,5,5,1280,-4.866666666666666,"0,0,0,0"
14.366666666666667,174,AV,0,63,73,1681,-14.366666666666667,"0,0,0,0"
1.0833333333333333,210,AV,3,167,137,1585,-1.0833333333333333,"0,0,0,0"
2.183333333333333,213,AV,0,24,138,658,-2.183333333333333,"0,0,0,0"
10.9,28,AV,2,28,24,1685,-10.9,"0,0,0,0"
71.9,532,AV,2,109,232,823,-71.9,"0,0,0,0"
1.7166666666666666,204,AV,0,164,128,640,-1.7166666666666666,"0,0,0,0"
2.1166666666666667,847,AV,0,458,87,1558,-2.1166666666666667,"0,0,0,0"
1.0333333333333334,788,AV,0,123,308,450,-1.0333333333333334,"0,0,0,0"
4.8,416,AV,3,17,61,580,-4.8,"0,0,0,0"
2.3833333333333333,726,AV,3,25,21,1552,-2.3833333333333333,"0,0,0,0"
6.666666666666667,540,AV,3,215,234,561,-6.666666666666667,"0,0,0,0"
1.2666666666666666,614,AV,3,136,258,1289,-1.2666666666666666,"0,0,0,0"
15.483333333333333,150,AV,2,128,79,1520,-15.483333333333333,"0,0,0,0"
55.43333333333333,54,AV,3,48,48,1615,-55.43333333333333,"0,0,0,0"
10.85,162,AV,2,137,113,1721,-10.85,"0,0,0,0"
2.3,341,AV,0,111,126,650,-2.3,"0,0,0,0"
4.083333333333333,652,AV,1,365,92,520,-4.083333333333333,"0,0,0,0"
14.383333333333333,323,AV,3,83,165,894,-14.383333333333333,"0,0,0,0"
3.0,940,AV,1,503,352,518,-3.0,"0,0,0,0"
3.2333333333333334,653,AV,3,366,232,970,-3.2333333333333334,"0,0,0,0"
3.1,426,AV,1,56,37,1767,-3.1,"0,0,0,0"
1.7166666666666666,974,AV,3,507,357,1074,-1.7166666666666666,"0,0,0,0"
56.71666666666667,961,AV,0,496,19,1492,-56.71666666666667,"0,0,0,0"
12.433333333333334,666,AV,2,372,93,1666,-12.433333333333334,"0,0,0,0"
4.166666666666667,528,AV,3,147,231,1272,-4.166666666666667,"0,0,0,0"
1.3666666666666667,646,AV,3,178,274,1555,-1.3666666666666667,"0,0,0,0"
12.466666666666667,568,AV,0,325,238,1442,-12.466666666666667,"0,0,0,0"
12.233333333333333,87,AV,2,72,46,1340,-12.233333333333333,"0,0,0,0"
1.2833333333333334,315,AV,2,64,82,765,-1.2833333333333334,"0,0,0,0"
62.333333333333336,882,AV,1,469,331,1656,-62.333333333333336,"0,0,0,0"
1.85,307,AV,2,86,161,638,-1.85,"0,0,0,0"
1.1166666666666667,319,AV,2,172,82,630,-1.1166666666666667,"0,0,0,0"
10.233333333333333,86,AV,2,71,60,1164,-10.233333333333333,"0,0,0,0"
8.466666666666667,387,AV,2,71,20,1568,-8.466666666666667,"0,0,0,0"
16.966666666666665,495,AV,2,289,73,1373,-16.966666666666665,"0,0,0,0"
8.066666666666666,372,AV,2,71,20,482,-8.066666666666666,"0,0,0,0"
9.983333333333333,577,AV,3,17,3,1018,-9.983333333333333,"0,0,0,0"
2.4166666666666665,322,AV,0,212,164,673,-2.4166666666666665,"0,0,0,0"
2.0,365,AV,0,228,179,1652,-2.0,"0,0,0,0"
1.7666666666666666,642,AV,1,358,72,1129,-1.7666666666666666,"0,0,0,0"
4.6,656,AV,1,368,92,1237,-4.6,"0,0,0,0"
7.366666666666666,379,AV,3,182,20,781,-7.366666666666666,"0,0,0,0"
8.416666666666666,107,AV,3,91,82,1700,-8.416666666666666,"0,0,0,0"
1.8833333333333333,773,AV,1,424,21,548,-1.8833333333333333,"0,0,0,0"
3.816666666666667,851,AV,0,59,32,1375,-3.816666666666667,"0,0,0,0"
8.366666666666667,108,AV,1,92,83,507,-8.366666666666667,"0,0,0,0"
2.683333333333333,172,AV,2,139,118,629,-2.683333333333333,"0,0,0,0"
12.9,47,AV,1,24,42,1066,-12.9,"0,0,0,0"
1.5333333333333334,43,AV,2,42,38,984,-1.5333333333333334,"0,0,0,0"
2.966666666666667,935,AV,3,498,351,1693,-2.966666666666667,"0,0,0,0"
2.7666666666666666,873,AV,3,465,62,1254,-2.7666666666666666,"0,0,0,0"
4.35,861,AV,1,116,147,403,-4.35,"0,0,0,0"
9.666666666666666,865,AV,0,462,326,1706,-9.666666666666666,"0,0,0,0"
1.2666666666666666,209,AV,0,111,82,685,-1.2666666666666666,"0,0,0,0"
2.1166666666666667,997,AV,2,517,50,1079,-2.1166666666666667,"0,0,0,0"
26.033333333333335,591,AV,1,332,181,541,-26.033333333333335,"0,0,0,0"
2.85,454,AV,3,260,39,716,-2.85,"0,0,0,0"
1.9,380,AV,0,138,39,1525,-1.9,"0,0,0,0"
4.016666666666667,243,AV,3,17,95,481,-4.016666666666667,"0,0,0,0"
3.0,772,AV,2,345,79,422,-3.0,"0,0,0,0"
6.033333333333333,677,AV,0,106,257,1461,-6.033333333333333,"0,0,0,0"
2.966666666666667,284,AV,2,42,130,1393,-2.966666666666667,"0,0,0,0"
2.3333333333333335,439,AV,1,38,201,651,-2.3333333333333335,"0,0,0,0"
1.3833333333333333,14,AV,3,14,12,1107,-1.3833333333333333,"0,0,0,0"
3.3333333333333335,206,AV,0,166,136,1593,-3.3333333333333335,"0,0,0,0"
2.25,390,AV,0,237,188,1184,-2.25,"0,0,0,0"
11.233333333333333,235,AV,3,71,144,1083,-11.233333333333333,"0,0,0,0"
8.6,995,AV,0,396,97,1271,-8.6,"0,0,0,0"
1.7166666666666666,731,AV,2,123,295,1250,-1.7166666666666666,"0,0,0,0"
6.733333333333333,359,AV,0,224,82,1430,-6.733333333333333,"0,0,0,0"
2.2666666666666666,668,AV,1,104,13,742,-2.2666666666666666,"0,0,0,0"
2.0166666666666666,749,AV,2,413,302,1761,-2.0166666666666666,"0,0,0,0"
2.3333333333333335,202,AV,3,17,67,416,-2.3333333333333335,"0,0,0,0"
1.45,27,AV,2,27,23,911,-1.45,"0,0,0,0"
3.0,343,AV,2,216,170,1017,-3.0,"0,0,0,0"
1.9333333333333333,673,AV,2,372,260,798,-1.9333333333333333,"0,0,0,0"
5.716666666666667,226,AV,3,171,56,1014,-5.716666666666667,"0,0,0,0"
2.0,587,AV,0,138,243,1240,-2.0,"0,0,0,0"
6.283333333333333,560,AV,2,304,237,801,-6.283333333333333,"0,0,0,0"
1.2166666666666666,470,AV,0,268,214,901,-1.2166666666666666,"0,0,0,0"
1.5833333333333333,973,AV,2,12,356,1704,-1.5833333333333333,"0,0,0,0"
4.716666666666667,263,AV,0,189,148,1346,-4.716666666666667,"0,0,0,0"
2.8333333333333335,980,AV,0,511,2,488,-2.8333333333333335,"0,0,0,0"
3.1333333333333333,293,AV,2,17,158,578,-3.1333333333333333,"0,0,0,0"
4.283333333333333,447,AV,2,257,203,418,-4.283333333333333,"0,0,0,0"
4.566666666666666,369,AV,1,230,130,1235,-4.566666666666666,"0,0,0,0"
2.783333333333333,438,AV,0,252,200,531,-2.783333333333333,"0,0,0,0"
13.65,80,AV,2,67,68,1467,-13.65,"0,0,0,0"
10.45,171,AV,3,125,117,843,-10.45,"0,0,0,0"
21.816666666666666,494,AV,1,288,220,1388,-21.816666666666666,"0,0,0,0"
3.7,877,AV,1,452,35,959,-3.7,"0,0,0,0"
20.5,502,AV,3,293,222,896,-20.5,"0,0,0,0"
1.1166666666666667,144,AV,0,122,79,769,-1.1166666666666667,"0,0,0,0"
6.383333333333334,885,AV,0,471,154,1034,-6.383333333333334,"0,0,0,0"
6.366666666666666,627,AV,1,293,267,615,-6.366666666666666,"0,0,0,0"
2.75,279,AV,2,182,142,451,-2.75,"0,0,0,0"
12.433333333333334,596,AV,0,33,250,431,-12.433333333333334,"0,0,0,0"
6.516666666666667,420,AV,0,247,20,1496,-6.516666666666667,"0,0,0,0"
3.433333333333333,19,AV,2,19,16,1784,-3.433333333333333,"0,0,0,0"
4.3,397,AV,0,195,160,690,-4.3,"0,0,0,0"
3.0,883,AV,3,470,332,1489,-3.0,"0,0,0,0"
4.516666666666667,299,AV,2,205,138,528,-4.516666666666667,"0,0,0,0"
2.216666666666667,538,AV,3,138,233,1576,-2.216666666666667,"0,0,0,0"
5.266666666666667,825,AV,0,448,314,1080,-5.266666666666667,"0,0,0,0"
5.65,569,AV,3,259,80,1585,-5.65,"0,0,0,0"
1.2,907,AV,2,50,342,1798,-1.2,"0,0,0,0"
85.28333333333333,828,AV,1,451,316,442,-85.28333333333333,"0,0,0,0"
1.7833333333333334,584,AV,0,331,0,1754,-1.7833333333333334,"0,0,0,0"
2.066666666666667,926,AV,0,481,348,790,-2.066666666666667,"0,0,0,0"
18.066666666666666,802,AV,1,439,72,1467,-18.066666666666666,"0,0,0,0"
2.75,811,AV,3,443,253,547,-2.75,"0,0,0,0"
2.433333333333333,986,AV,3,513,2,1413,-2.433333333333333,"0,0,0,0"
24.5,140,AV,2,119,99,1680,-24.5,"0,0,0,0"
10.566666666666666,413,AV,0,242,94,466,-10.566666666666666,"0,0,0,0"
2.8666666666666667,306,AV,2,17,158,1172,-2.8666666666666667,"0,0,0,0"
7.05,50,AV,1,17,45,1461,-7.05,"0,0,0,0"
3.4833333333333334,223,AV,1,71,141,901,-3.4833333333333334,"0,0,0,0"
3.933333333333333,180,AV,2,151,123,556,-3.933333333333333,"0,0,0,0"
3.8,453,AV,1,77,207,1655,-3.8,"0,0,0,0"
4.233333333333333,366,AV,0,158,69,819,-4.233333333333333,"0,0,0,0"
6.666666666666667,386,AV,3,17,20,1296,-6.666666666666667,"0,0,0,0"
5.333333333333333,121,AV,0,103,91,566,-5.333333333333333,"0,0,0,0"
1.4,501,AV,1,292,214,506,-1.4,"0,0,0,0"
1.2666666666666666,336,AV,1,214,89,733,-1.2666666666666666,"0,0,0,0"
1.6666666666666667,950,AV,1,493,354,484,-1.6666666666666667,"0,0,0,0"
2.9833333333333334,903,AV,2,115,339,647,-2.9833333333333334,"0,0,0,0"
3.0,807,AV,0,433,257,1152,-3.0,"0,0,0,0"
12.783333333333333,588,AV,2,320,244,1357,-12.783333333333333,"0,0,0,0"
3.783333333333333,132,AV,3,113,5,1509,-3.783333333333333,"0,0,0,0"
16.783333333333335,679,AV,2,67,28,886,-16.783333333333335,"0,0,0,0"
1.5,904,AV,0,481,340,1301,-1.5,"0,0,0,0"
6.15,867,AV,0,392,56,1629,-6.15,"0,0,0,0"
1.3833333333333333,525,AV,3,99,191,1301,-1.3833333333333333,"0,0,0,0"
1.1833333333333333,988,AV,3,514,97,1124,-1.1833333333333333,"0,0,0,0"
0.9833333333333333,289,AV,0,201,156,563,-0.9833333333333333,"0,0,0,0"
29.183333333333334,244,AV,1,178,128,447,-29.183333333333334,"0,0,0,0"
1.1333333333333333,641,AV,3,8,271,1313,-1.1333333333333333,"0,0,0,0"
2.1166666666666667,361,AV,2,226,72,524,-2.1166666666666667,"0,0,0,0"
7.516666666666667,338,AV,0,170,168,1174,-7.516666666666667,"0,0,0,0"
8.166666666666666,371,AV,1,204,20,1668,-8.166666666666666,"0,0,0,0"
10.633333333333333,100,AV,2,84,78,1310,-10.633333333333333,"0,0,0,0"
4.166666666666667,779,AV,3,407,307,626,-4.166666666666667,"0,0,0,0"
5.383333333333334,406,AV,3,109,20,1179,-5.383333333333334,"0,0,0,0"
4.833333333333333,706,AV,1,389,3,692,-4.833333333333333,"0,0,0,0"
4.366666666666666,461,AV,1,147,20,1161,-4.366666666666666,"0,0,0,0"
6.116666666666666,334,AV,2,26,82,574,-6.116666666666666,"0,0,0,0"
7.566666666666666,318,AV,1,167,20,671,-7.566666666666666,"0,0,0,0"
3.3333333333333335,846,AV,3,457,322,1751,-3.3333333333333335,"0,0,0,0"
3.0,799,AV,0,289,31,1626,-3.0,"0,0,0,0"
1.2666666666666666,225,AV,3,167,137,604,-1.2666666666666666,"0,0,0,0"
1.8833333333333333,258,AV,3,187,96,1139,-1.8833333333333333,"0,0,0,0"
2.1,800,AV,3,437,305,1298,-2.1,"0,0,0,0"
16.7,481,AV,2,278,174,1683,-16.7,"0,0,0,0"
3.85,195,AV,0,158,128,587,-3.85,"0,0,0,0"
6.616666666666666,399,AV,0,184,20,709,-6.616666666666666,"0,0,0,0"
1.1666666666666667,317,AV,3,167,163,637,-1.1666666666666667,"0,0,0,0"
5.983333333333333,462,AV,2,264,209,477,-5.983333333333333,"0,0,0,0"
11.6,264,AV,0,190,22,989,-11.6,"0,0,0,0"
2.4166666666666665,858,AV,2,254,324,1312,-2.4166666666666665,"0,0,0,0"
1.75,624,AV,2,135,264,1341,-1.75,"0,0,0,0"
10.466666666666667,313,AV,3,210,161,1765,-10.466666666666667,"0,0,0,0"
4.65,559,AV,1,238,9,815,-4.65,"0,0,0,0"
3.0,676,AV,2,124,4,1033,-3.0,"0,0,0,0"
3.683333333333333,49,AV,3,26,44,1788,-3.683333333333333,"0,0,0,0"
2.85,196,AV,1,17,133,425,-2.85,"0,0,0,0"
1.9666666666666666,329,AV,2,213,147,1374,-1.9666666666666666,"0,0,0,0"
4.1,945,AV,1,464,19,1337,-4.1,"0,0,0,0"
11.683333333333334,139,AV,3,118,98,1149,-11.683333333333334,"0,0,0,0"
6.116666666666666,831,AV,2,452,39,953,-6.116666666666666,"0,0,0,0"
4.3,165,AV,2,140,115,1561,-4.3,"0,0,0,0"
2.316666666666667,238,AV,0,24,82,1674,-2.316666666666667,"0,0,0,0"
16.183333333333334,152,AV,3,130,105,1129,-16.183333333333334,"0,0,0,0"
2.9,203,AV,3,163,128,1316,-2.9,"0,0,0,0"
3.6666666666666665,739,AV,3,406,177,705,-3.6666666666666665,"0,0,0,0"
4.1,699,AV,2,140,115,1575,-4.1,"0,0,0,0"
7.916666666666667,640,AV,3,357,255,677,-7.916666666666667,"0,0,0,0"
6.183333333333334,557,AV,0,0,66,1700,-6.183333333333334,"0,0,0,0"
1.3,770,AV,0,426,297,1313,-1.3,"0,0,0,0"
1.5833333333333333,765,AV,1,423,21,1272,-1.5833333333333333,"0,0,0,0"
3.1333333333333333,987,AV,3,472,245,1181,-3.1333333333333333,"0,0,0,0"
5.35,219,AV,3,17,139,743,-5.35,"0,0,0,0"
2.3666666666666667,302,AV,0,206,38,1024,-2.3666666666666667,"0,0,0,0"
2.466666666666667,992,AV,0,464,347,1206,-2.466666666666667,"0,0,0,0"
1.8,554,AV,3,321,236,1386,-1.8,"0,0,0,0"
8.15,442,AV,2,254,3,1216,-8.15,"0,0,0,0"
3.0,594,AV,1,335,5,1045,-3.0,"0,0,0,0"
5.566666666666666,215,AV,1,54,61,1208,-5.566666666666666,"0,0,0,0"
5.083333333333333,297,AV,1,203,160,1652,-5.083333333333333,"0,0,0,0"
65.38333333333334,930,AV,3,494,220,1465,-65.38333333333334,"0,0,0,0"
1.5,981,AV,3,497,347,676,-1.5,"0,0,0,0"
7.016666666666667,115,AV,1,97,20,1744,-7.016666666666667,"0,0,0,0"
4.383333333333334,941,AV,1,241,19,578,-4.383333333333334,"0,0,0,0"
1.0666666666666667,820,AV,1,416,93,734,-1.0666666666666667,"0,0,0,0"
11.983333333333333,580,AV,3,130,61,1388,-11.983333333333333,"0,0,0,0"
7.9,424,AV,3,248,1,604,-7.9,"0,0,0,0"
4.283333333333333,148,AV,2,126,35,419,-4.283333333333333,"0,0,0,0"
5.233333333333333,106,AV,2,90,58,1376,-5.233333333333333,"0,0,0,0"
1.5,946,AV,3,50,347,1542,-1.5,"0,0,0,0"
1.9166666666666667,500,AV,2,198,68,564,-1.9166666666666667,"0,0,0,0"
1.0666666666666667,358,AV,2,223,176,960,-1.0666666666666667,"0,0,0,0"
1.4833333333333334,578,AV,1,329,0,759,-1.4833333333333334,"0,0,0,0"
5.383333333333334,856,AV,1,217,9,712,-5.383333333333334,"0,0,0,0"
4.233333333333333,305,AV,1,71,32,1464,-4.233333333333333,"0,0,0,0"
1.4,97,AV,3,81,75,1151,-1.4,"0,0,0,0"
2.85,178,AV,2,91,122,565,-2.85,"0,0,0,0"
1.1333333333333333,667,AV,1,373,278,1006,-1.1333333333333333,"0,0,0,0"
19.533333333333335,787,AV,3,430,257,1605,-19.533333333333335,"0,0,0,0"
5.916666666666667,609,AV,2,128,148,1461,-5.916666666666667,"0,0,0,0"
0.8166666666666667,467,AV,0,238,211,877,-0.8166666666666667,"0,0,0,0"
62.96666666666667,53,AV,2,47,47,1015,-62.96666666666667,"0,0,0,0"
5.5,452,AV,2,195,206,1330,-5.5,"0,0,0,0"
10.366666666666667,681,AV,0,341,284,1787,-10.366666666666667,"0,0,0,0"
4.083333333333333,518,AV,2,137,229,1463,-4.083333333333333,"0,0,0,0"
2.066666666666667,738,AV,3,405,253,425,-2.066666666666667,"0,0,0,0"
4.8,544,AV,2,138,118,1338,-4.8,"0,0,0,0"
1.1833333333333333,671,AV,0,135,280,783,-1.1833333333333333,"0,0,0,0"
3.183333333333333,563,AV,3,323,61,752,-3.183333333333333,"0,0,0,0"
3.0,647,AV,2,361,269,1360,-3.0,"0,0,0,0"
1.4333333333333333,761,AV,0,81,79,687,-1.4333333333333333,"0,0,0,0"
5.316666666666666,120,AV,0,102,90,1180,-5.316666666666666,"0,0,0,0"
6.45,9,AV,1,9,7,569,-6.45,"0,0,0,0"
3.3,795,AV,1,344,290,1256,-3.3,"0,0,0,0"
1.6666666666666667,857,AV,0,192,226,521,-1.6666666666666667,"0,0,0,0"
13.7,593,AV,0,334,248,1738,-13.7,"0,0,0,0"
7.516666666666667,583,AV,2,22,191,459,-7.516666666666667,"0,0,0,0"
2.216666666666667,984,AV,2,512,50,1111,-2.216666666666667,"0,0,0,0"
9.783333333333333,81,AV,3,68,51,548,-9.783333333333333,"0,0,0,0"
8.366666666666667,353,AV,0,182,20,1449,-8.366666666666667,"0,0,0,0"
7.15,129,AV,1,111,24,1173,-7.15,"0,0,0,0"
16.616666666666667,804,AV,1,440,257,1716,-16.616666666666667,"0,0,0,0"
2.7,880,AV,0,89,35,1157,-2.7,"0,0,0,0"
5.3,268,AV,3,24,147,1503,-5.3,"0,0,0,0"
3.0166666666666666,548,AV,0,318,89,1318,-3.0166666666666666,"0,0,0,0"
3.4833333333333334,853,AV,2,458,154,1101,-3.4833333333333334,"0,0,0,0"
15.333333333333334,96,AV,1,80,74,1183,-15.333333333333334,"0,0,0,0"
34.06666666666667,834,AV,0,397,139,606,-34.06666666666667,"0,0,0,0"
1.8,819,AV,1,361,72,1174,-1.8,"0,0,0,0"
18.983333333333334,680,AV,1,376,283,553,-18.983333333333334,"0,0,0,0"
3.0,521,AV,2,305,19,1402,-3.0,"0,0,0,0"
5.066666666666666,605,AV,0,339,110,1060,-5.066666666666666,"0,0,0,0"
1.5666666666666667,187,AV,2,94,127,976,-1.5666666666666667,"0,0,0,0"
5.966666666666667,252,AV,3,183,146,829,-5.966666666666667,"0,0,0,0"
1.5,455,AV,1,242,6,405,-1.5,"0,0,0,0"
2.933333333333333,8,AV,2,8,3,825,-2.933333333333333,"0,0,0,0"
3.7666666666666666,95,AV,1,79,33,607,-3.7666666666666666,"0,0,0,0"
2.2666666666666666,346,AV,3,18,171,1107,-2.2666666666666666,"0,0,0,0"
2.3333333333333335,429,AV,0,180,160,967,-2.3333333333333335,"0,0,0,0"
1.3666666666666667,48,AV,0,44,43,1308,-1.3666666666666667,"0,0,0,0"
5.916666666666667,116,AV,3,98,1,889,-5.916666666666667,"0,0,0,0"
1.0333333333333334,714,AV,0,393,3,1786,-1.0333333333333334,"0,0,0,0"
5.833333333333333,425,AV,2,249,1,1458,-5.833333333333333,"0,0,0,0"
1.7666666666666666,260,AV,3,188,116,567,-1.7666666666666666,"0,0,0,0"
8.516666666666667,26,AV,2,26,22,1240,-8.516666666666667,"0,0,0,0"
18.833333333333332,797,AV,1,435,72,1419,-18.833333333333332,"0,0,0,0"
1.95,474,AV,0,148,191,1690,-1.95,"0,0,0,0"
5.8,282,AV,3,197,130,944,-5.8,"0,0,0,0"
28.666666666666668,436,AV,2,250,133,416,-28.666666666666668,"0,0,0,0"
2.8833333333333333,164,AV,0,139,0,1565,-2.8833333333333333,"0,0,0,0"
3.216666666666667,552,AV,1,126,223,528,-3.216666666666667,"0,0,0,0"
15.083333333333334,622,AV,2,118,263,1753,-15.083333333333334,"0,0,0,0"
2.75,67,AV,3,57,57,1789,-2.75,"0,0,0,0"
1.1,16,AV,3,16,4,971,-1.1,"0,0,0,0"
1.3333333333333333,842,AV,2,180,154,854,-1.3333333333333333,"0,0,0,0"
3.5833333333333335,933,AV,3,327,35,1746,-3.5833333333333335,"0,0,0,0"
1.45,117,AV,0,99,6,764,-1.45,"0,0,0,0"
2.9,312,AV,2,209,96,817,-2.9,"0,0,0,0"
3.316666666666667,156,AV,2,93,108,861,-3.316666666666667,"0,0,0,0"
7.533333333333333,294,AV,0,17,159,534,-7.533333333333333,"0,0,0,0"
19.25,814,AV,3,416,313,1232,-19.25,"0,0,0,0"
1.9166666666666667,310,AV,3,200,78,1305,-1.9166666666666667,"0,0,0,0"
29.283333333333335,352,AV,3,178,117,515,-29.283333333333335,"0,0,0,0"
30.266666666666666,55,AV,0,49,49,535,-30.266666666666666,"0,0,0,0"
2.3,555,AV,2,275,223,1007,-2.3,"0,0,0,0"
4.583333333333333,52,AV,3,46,10,1645,-4.583333333333333,"0,0,0,0"
0.8833333333333333,167,AV,2,142,21,985,-0.8833333333333333,"0,0,0,0"
1.4666666666666666,151,AV,2,129,104,1149,-1.4666666666666666,"0,0,0,0"
19.133333333333333,446,AV,1,63,202,888,-19.133333333333333,"0,0,0,0"
17.833333333333332,36,AV,3,35,31,1491,-17.833333333333332,"0,0,0,0"
3.1333333333333333,101,AV,1,85,79,1680,-3.1333333333333333,"0,0,0,0"
1.8833333333333333,863,AV,3,189,147,600,-1.8833333333333333,"0,0,0,0"
3.7333333333333334,711,AV,1,60,35,1583,-3.7333333333333334,"0,0,0,0"
4.8,939,AV,3,502,19,818,-4.8,"0,0,0,0"
6.966666666666667,918,AV,0,50,318,1776,-6.966666666666667,"0,0,0,0"
4.216666666666667,954,AV,0,74,92,774,-4.216666666666667,"0,0,0,0"
6.416666666666667,344,AV,3,26,46,588,-6.416666666666667,"0,0,0,0"
1.65,393,AV,1,231,185,1009,-1.65,"0,0,0,0"
8.5,418,AV,3,245,144,1290,-8.5,"0,0,0,0"
2.1,585,AV,3,138,243,1646,-2.1,"0,0,0,0"
6.783333333333333,868,AV,3,463,126,897,-6.783333333333333,"0,0,0,0"
1.0166666666666666,291,AV,0,181,154,1520,-1.0166666666666666,"0,0,0,0"
7.733333333333333,270,AV,1,64,130,1277,-7.733333333333333,"0,0,0,0"
1.5833333333333333,900,AV,1,480,338,1155,-1.5833333333333333,"0,0,0,0"
13.85,486,AV,0,283,3,1793,-13.85,"0,0,0,0"
39.68333333333333,715,AV,3,394,7,1321,-39.68333333333333,"0,0,0,0"
3.0,810,AV,2,16,72,1423,-3.0,"0,0,0,0"
7.683333333333334,616,AV,0,344,260,930,-7.683333333333334,"0,0,0,0"
9.866666666666667,911,AV,1,485,46,1705,-9.866666666666667,"0,0,0,0"
4.75,612,AV,1,342,257,485,-4.75,"0,0,0,0"
3.25,0,Human,2,0,0,153,-3.25,"-1.2400368210639188,-1.5405220259450072,-3.25,-1.2837943240651193"
1.1833333333333333,1,Human,2,1,1,835,-1.1833333333333333,"-0.537847435590507,-0.5863715536610614,-1.1833333333333336,-0.623001497215157"
3.033333333333333,2,Human,3,2,2,98,-3.033333333333333,"-1.450002391165249,-1.522776569231004,-1.6673693379439607,-3.033333333333333"
2.566666666666667,3,Human,3,3,3,285,-2.566666666666667,"-1.4581411542882148,-1.159071274298056,-1.5354509695029976,-2.5666666666666673"
2.783333333333333,4,Human,1,4,4,1450,-2.783333333333333,"-1.0060115190784735,-2.666666666666667,-0.91227501799856,-1.8976947438442624"
26.316666666666666,6,Human,3,6,6,658,-26.316666666666666,"-7.607296846572668,-8.59195520429392,-7.795189993338747,-15.733333333333333"
1.45,7,Human,3,7,3,229,-1.45,"-0.8176692507263685,-0.983351996106738,-0.8905874172730448,-1.45"
1.6833333333333333,10,Human,3,10,8,299,-1.6833333333333333,"-0.3500959923206143,-0.5200116907814241,-0.6444297373376996,-1.6833333333333333"
3.7,11,Human,0,11,9,31,-3.7,"-3.7000000000000006,-2.444057849740924,-2.464918993846695,-2.625058182711586"
22.95,12,Human,3,12,10,419,-22.95,"-3.0049606521036325,-2.98189754097005,-3.0139359340810743,-14.283333333333335"
3.183333333333333,13,Human,1,13,11,140,-3.183333333333333,"-1.939212229168125,-3.1833333333333336,-1.8591072714182864,-1.773901454030136"
10.566666666666666,15,Human,1,15,13,994,-10.566666666666666,"-6.585120579913173,-10.533333333333335,-7.196987630549122,-6.7768114390638825"
6.216666666666667,17,Human,0,17,14,1446,-6.216666666666667,"-6.216666666666667,-3.972041033563355,-4.334280000440605,-3.943792333963373"
11.3,18,Human,1,18,15,1166,-11.3,"-8.119127937881434,-11.2,-8.346475150594767,-8.119607899484505"
23.05,20,Human,0,20,17,640,-23.05,"-17.033333333333335,-7.230014798774279,-7.255452763737083,-7.640523152350598"
3.8333333333333335,21,Human,3,21,18,333,-3.8333333333333335,"-2.0529713946126726,-2.064334485565397,-2.2961919369692847,-3.8333333333333335"
6.466666666666667,22,Human,2,22,19,52,-6.466666666666667,"-3.447854820887017,-3.324039726139059,-6.466666666666667,-3.637679634901895"
6.9,23,Human,0,23,5,1768,-6.9,"-6.966308266666668,-4.766894968692983,-4.7779100874834795,-4.820446065157487"
8.216666666666667,24,Human,1,24,20,1448,-8.216666666666667,"-5.729481726466351,-8.216615466666667,-5.849261920761491,-5.602424510491407"
2.566666666666667,25,Human,2,25,21,337,-2.566666666666667,"-0.2655987520998319,-0.6587473002159826,-2.5666666666666673,-1.1871730261579074"
9.283333333333333,29,Human,0,29,25,167,-9.283333333333333,"-9.266666666666667,-7.371903534692466,-6.8296464014576,-6.829646401457601"
8.283333333333333,30,Human,3,30,26,201,-8.283333333333333,"-5.13442016440369,-5.143395446381132,-5.182019204019538,-8.3"
4.566666666666666,32,Human,2,32,28,1052,-4.566666666666666,"-3.4567987598207037,-3.3688807992599497,-4.7,-3.5593825579187763"
4.883333333333334,33,Human,3,33,29,11,-4.883333333333334,"-1.656647583439423,-1.7531088461302446,-1.6683122493057698,-4.883333333333334"
6.816666666666666,34,Human,0,17,20,1118,-6.816666666666666,"-6.800000000000001,-4.068378367080724,-4.417337355852172,-4.194587229867651"
26.1,35,Human,0,34,30,742,-26.1,"-17.450000000000003,-7.049678776180653,-7.036908708677141,-7.1881768535973665"
2.9,37,Human,2,36,32,346,-2.9,"-1.0874803904576522,-1.1965276666755549,-2.916666666666667,-1.420549744909296"
25.216666666666665,38,Human,0,37,33,445,-25.216666666666665,"-17.4,-4.63800089968182,-4.784446285124507,-4.236467828082944"
3.4,39,Human,2,38,34,1717,-3.4,"-1.360122405329086,-1.360922725457137,-3.3500000000000005,-1.4358123501335012"
4.133333333333334,40,Human,0,39,35,219,-4.133333333333334,"-4.15,-3.1915082016316134,-3.5065893240733907,-3.6342027164425774"
5.55,41,Human,3,40,36,798,-5.55,"-3.891247528707025,-4.161987070023913,-3.888991709172587,-5.566666666666666"
1.2333333333333334,42,Human,3,41,37,324,-1.2333333333333334,"-0.2276937844972402,-0.3367410607151428,-0.5013318934485241,-1.2333333333333334"
6.516666666666667,44,Human,0,43,39,1282,-6.516666666666667,"-6.6000000000000005,-4.21996260075162,-3.968262060535845,-4.524038350168831"
4.716666666666667,45,Human,1,17,40,4,-4.716666666666667,"-2.9752324399882353,-4.716666666666667,-3.0253764284691567,-3.185239639412281"
6.716666666666667,46,Human,3,17,41,1237,-6.716666666666667,"-3.583299799401402,-3.536215566140063,-3.633443787882323,-6.700000000000001"
12.533333333333333,51,Human,2,45,46,1158,-12.533333333333333,"-2.203749273415462,-2.351649441402023,-4.483333333333334,-3.0230677279391"
36.666666666666664,58,Human,2,51,2,1416,-36.666666666666664,"-1.3266079938094748,-1.619405112657014,-18.016717866666667,-1.4820795560844928"
9.216666666666667,59,Human,0,41,52,646,-9.216666666666667,"-9.183333333333335,-6.638588075989599,-6.8317240056674455,-6.6808486951400665"
0.9833333333333333,60,Human,2,52,53,487,-0.9833333333333333,"-0.4652796755851368,-0.2935854111262935,-1.0,-0.3116799635620987"
5.816666666666666,62,Human,2,54,10,1662,-5.816666666666666,"-3.553173839730276,-3.702133423563809,-5.733358933333333,-3.5705407865089875"
3.0,63,Human,0,55,55,955,-3.0,"-29.833307733333335,-5.855176978285968,-5.918699896452515,-5.873055548000391"
5.25,64,Human,1,42,56,1196,-5.25,"-2.085325173986081,-5.216666666666667,-2.532562589237466,-2.131029517638589"
4.25,65,Human,3,56,32,888,-4.25,"-0.9580947413095842,-1.0381043405416457,-1.051579262547885,-4.25"
3.4,66,Human,2,43,36,254,-3.4,"-2.4001529193390816,-2.331463166255486,-3.4000000000000004,-2.4853069809637316"
2.1166666666666667,68,Human,3,58,58,20,-2.1166666666666667,"-0.974910007199424,-1.022789158860088,-1.3024627849699997,-2.1166666666666667"
6.1,69,Human,2,48,59,155,-6.1,"-3.6793916531408506,-3.7269906927566967,-6.1,-3.679871614743922"
7.833333333333333,70,Human,3,59,60,205,-7.833333333333333,"-5.460071852476376,-5.598569929893089,-5.544868449300852,-7.833333333333333"
9.533333333333333,71,Human,1,60,61,212,-9.533333333333333,"-5.389939555146698,-9.516666666666667,-5.800447908723015,-5.435643898799206"
2.8666666666666667,72,Human,3,37,62,1062,-2.8666666666666667,"-1.252632716153416,-1.294933399547946,-1.3343701771565355,-2.916666666666667"
6.583333333333333,73,Human,0,61,63,200,-6.583333333333333,"-6.566666666666667,-2.2682309859655674,-2.8279862055480005,-2.4180509139367556"
2.8,74,Human,2,62,64,1147,-2.8,"-0.6319127651060424,-0.9321128451380551,-2.816666666666667,-1.6817527010804325"
1.0166666666666666,76,Human,2,63,13,1158,-1.0166666666666666,"-0.3296802514791622,-0.330160213082234,-1.0,-0.4501626128902493"
4.316666666666666,78,Human,0,65,67,1553,-4.316666666666666,"-4.3,-2.075770993876046,-2.1012089588388485,-2.5027420304377253"
13.166666666666666,79,Human,1,66,67,1436,-13.166666666666666,"-4.031939555932235,-13.283307733333334,-9.036645071240548,-8.635111999641671"
66.91666666666667,82,Human,2,69,2,763,-66.91666666666667,"-4.614220707118754,-4.859973046931569,-7.3,-4.769692269393772"
12.183333333333334,83,Human,3,70,0,1435,-12.183333333333334,"-7.470599525557,-7.385802928732524,-7.374138262866177,-11.5999232"
8.583333333333334,85,Human,1,71,69,370,-8.583333333333334,"-4.62628150585018,-8.616666666666667,-4.586384697594841,-4.774337607356662"
6.766666666666667,88,Human,2,73,70,889,-6.766666666666667,"-5.414246091260284,-5.5506634515809425,-6.816666666666666,-5.443943528190419"
3.0,89,Human,2,74,71,1630,-3.0,"-2.418881932341809,-2.610572791492519,-16.133384533333334,-2.6681979870574315"
4.133333333333334,92,Human,1,77,73,108,-4.133333333333334,"-2.741944048001599,-4.133333333333334,-2.847079637154467,-2.7445478396982628"
1.3666666666666667,98,Human,3,82,76,184,-1.3666666666666667,"-0.5555723369261312,-0.7034725049126922,-0.5809623057286268,-1.366666666666667"
3.4,99,Human,3,83,77,595,-3.4,"-2.113384672758806,-2.3013375825206244,-2.3361347987433265,-3.4000000000000004"
2.95,102,Human,2,86,78,318,-2.95,"-1.367686585073194,-1.378341732661387,-2.916666666666667,-1.489648781292816"
3.6333333333333333,103,Human,2,87,80,214,-3.6333333333333333,"-1.865160794518472,-1.6181545820181724,-3.6333333333333333,-2.142317505869953"
5.383333333333334,104,Human,1,88,81,78,-5.383333333333334,"-3.299250888438246,-5.383333333333335,-3.5401436170199596,-3.5274606316587884"
4.066666666666666,105,Human,1,89,82,1588,-4.066666666666666,"-2.254840941754562,-4.166666666666668,-3.4433363399138255,-2.6251290570006596"
6.583333333333333,109,Human,3,93,84,316,-6.583333333333333,"-4.400177245079653,-4.788728720385398,-4.774881828136778,-6.583333333333333"
14.916666666666666,110,Human,2,94,23,1081,-14.916666666666666,"-4.500375345685395,-4.441172081946494,-6.4333333333333345,-4.420848721316694"
7.933333333333334,111,Human,1,24,85,16,-7.933333333333334,"-5.700378563950342,-7.916666666666668,-5.714441438920344,-6.8042092010687"
1.9166666666666667,112,Human,3,17,86,397,-1.9166666666666667,"-0.917167947092444,-0.919843733029569,-0.9970095597634304,-1.9166666666666667"
4.266666666666667,113,Human,2,95,81,202,-4.266666666666667,"-2.75525983680304,-3.1093214614529,-4.266666666666667,-2.7874652603691548"
5.95,119,Human,1,101,89,1705,-5.95,"-3.6789324172865503,-5.933282133333334,-3.695860593371332,-3.5628903201021043"
3.033333333333333,122,Human,2,104,72,266,-3.033333333333333,"-1.520156903615293,-1.8027462964638656,-3.033333333333333,-1.7740925887604817"
5.283333333333333,123,Human,2,105,92,928,-5.283333333333333,"-2.547237480260838,-2.54771744186391,-5.4,-2.54771744186391"
3.1333333333333333,124,Human,3,106,85,616,-3.1333333333333333,"-1.4919366450683946,-1.3294934731054098,-1.5692464602831775,-3.15"
8.333333333333334,126,Human,2,108,94,166,-8.333333333333334,"-3.7262665965163726,-3.751704561479176,-8.35,-3.9279704602072782"
1.3666666666666667,127,Human,2,109,95,339,-1.3666666666666667,"-0.2223422126229901,-0.5024598032157427,-1.366666666666667,-0.5493667413873846"
1.55,128,Human,3,110,96,1239,-1.55,"-0.2660789585812727,-0.4005402016818247,-0.5461965491740252,-1.5666666666666669"
1.7666666666666666,130,Human,2,112,82,280,-1.7666666666666666,"-0.6307175425965923,-0.6200623950083993,-1.7666666666666666,-1.2159827213822894"
3.25,131,Human,1,92,89,267,-3.25,"-3.054042215303115,-3.25,-3.032947902848111,-3.045630888209282"
3.1,133,Human,3,114,24,596,-3.1,"-2.3673170782913875,-2.505815155708099,-2.3000624586609577,-3.05"
86.9,134,Human,1,26,3,915,-86.9,"-8.204036139990967,-38.516666666666666,-8.258751503502626,-8.204516101594038"
2.15,135,Human,1,115,97,264,-2.15,"-1.3837082709253603,-2.15,-1.7273367806445832,-1.4976538491566531"
3.5833333333333335,136,Human,0,74,3,848,-3.5833333333333335,"-3.6000000000000005,-2.9773832035762,-2.4664221291260664,-2.957182868266935"
5.033333333333333,142,Human,3,5,68,1396,-5.033333333333333,"-2.7350334767771427,-2.939649783731579,-2.8285179980154433,-5.066666666666667"
1.3666666666666667,145,Human,2,123,101,1669,-1.3666666666666667,"-0.4235593013303234,-0.4159639089617128,-1.35,-0.5049367911311392"
9.316666666666666,147,Human,1,125,46,528,-9.316666666666666,"-6.435309715005554,-9.316666666666666,-6.68106205481837,-6.5845417764406395"
4.133333333333334,149,Human,1,127,103,228,-4.133333333333334,"-1.9370631675404344,-4.116666666666666,-2.165236913640746,-2.0812780976440557"
3.6,154,Human,0,132,21,172,-3.6,"-3.6000000000000005,-2.193411576293584,-1.8883988296542515,-1.6738051448081033"
4.533333333333333,155,Human,3,133,107,212,-4.533333333333333,"-1.4076313894888408,-1.3962443004559633,-1.511531077513799,-4.533333333333333"
38.766666666666666,157,Human,3,134,92,1730,-38.766666666666666,"-3.1475710622177395,-3.0714860997950453,-3.0576392075464245,-38.31743466666667"
3.5,159,Human,3,136,110,939,-3.5,"-1.7870035288890551,-1.789637291185371,-1.3912513401496107,-3.5000000000000004"
5.65,160,Human,2,28,111,1539,-5.65,"-1.9603717080395824,-2.3309140646510547,-5.65,-2.100676483657533"
2.55,161,Human,0,136,112,560,-2.55,"-2.5666666666666673,-1.7528797696184306,-1.7528797696184306,-1.7528797696184306"
2.4166666666666665,163,Human,3,138,114,1085,-2.4166666666666665,"-1.1658687756254844,-1.1843442084819449,-1.1980861982316755,-2.3833333333333337"
2.7333333333333334,166,Human,2,141,93,262,-2.7333333333333334,"-1.9677561881484056,-2.026239509482699,-2.733333333333334,-1.9454029271895945"
5.383333333333334,168,Human,2,143,84,57,-5.383333333333334,"-3.531038776157168,-3.611143733907006,-5.383333333333335,-3.5362463595504963"
1.4333333333333333,169,Human,2,144,79,1768,-1.4333333333333333,"-0.8353138087488414,-0.7552088509990028,-1.416666666666667,-0.8007095854900634"
5.216666666666667,170,Human,2,145,116,1743,-5.216666666666667,"-2.755675194949301,-2.18970728680241,-5.200051200000001,-2.142623053541071"
2.6333333333333333,173,Human,3,146,119,1004,-2.6333333333333333,"-0.6248262515236404,-0.6274600138199564,-0.8787619366688287,-2.6333333333333337"
5.816666666666666,177,Human,0,149,121,140,-5.816666666666666,"-5.816666666666666,-3.720180913552998,-3.7288562735296007,-3.7507065255094423"
15.016666666666667,181,Human,0,152,124,1639,-15.016666666666667,"-14.066692266666667,-3.2974942386510397,-3.096370931138113,-3.417849030509656"
3.45,182,Human,3,153,125,1113,-3.45,"-1.8916222212427087,-2.254749171086721,-1.9086829404187875,-3.483333333333334"
26.083333333333332,184,Human,1,155,20,684,-26.083333333333332,"-9.019630657088085,-15.516666666666667,-9.314139302879012,-9.189374234864768"
5.0,185,Human,3,156,106,133,-5.0,"-3.032698999783721,-3.512077644645749,-3.9693970590925938,-5.0"
1.55,186,Human,3,86,126,376,-1.55,"-0.7403935512289868,-0.8522182811209434,-0.8623557474486088,-1.5333333333333334"
3.3833333333333333,188,Human,3,157,128,518,-3.3833333333333333,"-2.0033569256905492,-1.6018238540916725,-2.257328607955968,-3.25"
3.2,189,Human,1,71,96,109,-3.2,"-1.3241063970377187,-3.2000000000000006,-1.303876015468244,-1.42893001114859"
7.683333333333334,190,Human,3,158,51,55,-7.683333333333334,"-4.650192864659717,-4.730202463891776,-4.805899111863644,-7.6833333333333345"
44.45,191,Human,1,45,129,381,-44.45,"-4.379645873409457,-15.4,-4.566647073529469,-5.436627467679726"
2.9833333333333334,192,Human,1,64,130,238,-2.9833333333333334,"-1.2740335097114417,-2.9833333333333334,-1.253803128141967,-1.6058662428046793"
1.35,193,Human,2,59,131,174,-1.35,"-0.264086873050156,-0.3696184305255579,-1.35,-0.4910607151427885"
4.233333333333333,194,Human,0,159,132,534,-4.233333333333333,"-4.233333333333333,-3.067413070339727,-3.422656650853286,-3.3859155901381435"
2.1166666666666667,198,Human,3,71,134,722,-2.1166666666666667,"-0.7304943719748521,-0.9574682140674848,-0.9604663607703704,-2.166666666666667"
1.4166666666666667,199,Human,3,161,94,1322,-1.4166666666666667,"-0.4131795266702793,-0.4105037407331543,-0.6374775828257868,-1.4333333333333333"
3.3333333333333335,200,Human,3,17,133,288,-3.3333333333333335,"-1.6902592426459422,-1.6431750093846031,-1.7404032311268636,-3.333333333333334"
3.3666666666666667,205,Human,2,165,135,1786,-3.3666666666666667,"-1.8475005938859912,-2.1045920265713765,-3.3000000000000003,-2.2183909226596894"
3.2,208,Human,3,56,128,1072,-3.2,"-1.378221742260619,-1.483753299736021,-1.632193424526038,-3.25"
3.5,211,Human,1,158,82,1460,-3.5,"-2.549112071034318,-3.4333333333333336,-2.6262778977681793,-3.125749940004801"
2.933333333333333,212,Human,2,17,46,706,-2.933333333333333,"-2.5295439803159576,-2.529112014873194,-2.966666666666667,-2.522452547630573"
2.0166666666666666,214,Human,1,168,128,166,-2.0166666666666666,"-1.1336693064554837,-2.0166666666666666,-1.2135109191264697,-1.360643148548116"
3.3333333333333335,216,Human,3,5,128,187,-3.3333333333333335,"-1.7420086393088554,-1.9959803215742744,-1.8475401967842573,-3.333333333333334"
3.5833333333333335,217,Human,2,17,81,1087,-3.5833333333333335,"-2.6923110784990745,-2.645226845237735,-3.5166666666666666,-2.742455066979996"
3.75,218,Human,2,169,1,186,-3.75,"-1.9599187108031455,-2.1161702106831557,-3.75,-1.892544100771948"
2.716666666666667,221,Human,3,24,67,1747,-2.716666666666667,"-0.9881599445041696,-1.0098178512931917,-2.41522848206818,-2.733333333333334"
1.8166666666666667,222,Human,1,170,138,12,-1.8166666666666667,"-0.9849351259582304,-1.8166666666666667,-0.9378508926968916,-1.2799315262462074"
2.2666666666666666,224,Human,3,164,128,756,-2.2666666666666666,"-0.9988673057370532,-0.9996676258651044,-1.104398863212455,-2.3"
1.35,227,Human,0,111,33,1771,-1.35,"-1.35,-0.9023166790114174,-0.9031169991394684,-1.0345549738974062"
1.0833333333333333,228,Human,3,172,137,91,-1.0833333333333333,"-0.2333733493397359,-0.2341736694677871,-0.3185274109643857,-1.0833333333333335"
1.6166666666666667,229,Human,3,17,142,1641,-1.6166666666666667,"-0.6627309815214782,-0.7425725941924646,-0.8897048236141109,-1.6500000000000001"
5.0,230,Human,1,111,56,1477,-5.0,"-2.909698551846945,-5.0,-2.862614318585606,-3.8999804651836985"
7.9,232,Human,0,173,128,1388,-7.9,"-7.333333333333334,-4.930551194593481,-4.37697755196686,-4.542085077638234"
2.683333333333333,233,Human,2,15,67,1791,-2.683333333333333,"-1.0685289810668688,-1.0214447478055295,-2.6000256000000004,-1.1740605385422709"
7.566666666666666,234,Human,3,174,143,352,-7.566666666666666,"-1.99752376112432,-1.950439527862981,-4.212475484789813,-7.666666666666667"
1.9,236,Human,2,17,142,1453,-1.9,"-0.6627309815214782,-0.7425725941924646,-1.9000000000000001,-0.848836093112551"
2.45,237,Human,3,169,22,853,-2.45,"-0.5275449731039754,-0.9130021365309016,-0.5283452932320267,-2.45"
6.216666666666667,239,Human,3,175,145,69,-6.216666666666667,"-4.9050210659887385,-4.907696851925864,-5.0526932522138415,-6.216666666666667"
3.85,240,Human,3,17,95,381,-3.85,"-1.0386681756728586,-1.8820699247940709,-1.1700096683534442,-3.85"
4.15,241,Human,0,176,128,67,-4.15,"-4.15,-1.1156674476846176,-2.4497222625505923,-1.1133835247561947"
2.9,245,Human,2,17,130,1000,-2.9,"-1.152839286881921,-1.9962410360031333,-2.9333333333333336,-1.379813128974554"
2.6166666666666667,246,Human,1,17,130,88,-2.6166666666666667,"-1.152839286881921,-2.6166666666666667,-2.06039990329375,-1.379813128974554"
7.183333333333334,248,Human,2,180,20,197,-7.183333333333334,"-5.077042464224378,-5.119303083374844,-7.133333333333334,-5.193084561408823"
5.766666666666667,250,Human,3,182,138,1458,-5.766666666666667,"-2.2358278406223966,-1.83429476902352,-2.152713295541399,-5.566666666666666"
2.216666666666667,253,Human,1,184,116,1719,-2.216666666666667,"-1.0849804437621882,-2.2333333333333334,-1.1066383505512103,-1.3227332550356818"
7.566666666666666,254,Human,3,185,20,884,-7.566666666666666,"-4.920329475048601,-4.386900542533396,-4.198947632771577,-7.616666666666667"
2.466666666666667,255,Human,3,186,138,184,-2.466666666666667,"-1.270861520454924,-1.223777287193585,-1.3210055089358457,-2.466666666666667"
4.233333333333333,257,Human,2,71,147,1357,-4.233333333333333,"-1.407780664461609,-1.5640321643416188,-4.016666666666667,-1.9930458432473064"
1.95,259,Human,1,111,142,272,-1.95,"-0.710895992666325,-1.9500000000000002,-0.6906656110968505,-0.815719606777196"
2.033333333333333,261,Human,2,71,142,645,-2.033333333333333,"-0.8857859486487181,-0.8655555670792435,-2.066666666666667,-1.0718910602397909"
2.7333333333333334,262,Human,3,182,22,316,-2.7333333333333334,"-1.6768737145469037,-1.70785505367916,-1.9369649072514872,-2.716666666666667"
2.1166666666666667,266,Human,1,191,144,869,-2.1166666666666667,"-1.2300062726682646,-2.1000000000000005,-1.6008966014419626,-1.6154634360951905"
3.85,267,Human,0,162,150,577,-3.85,"-3.85,-2.140826675633475,-2.400917868338059,-2.9189411035500705"
7.8,269,Human,0,168,20,751,-7.8,"-7.833333333333333,-5.474625131396093,-4.793140097374406,-4.941196198880886"
2.5166666666666666,271,Human,2,192,151,1222,-2.5166666666666666,"-1.069018694590867,-1.4544758580177928,-2.5833333333333335,-1.342656803542151"
3.2666666666666666,272,Human,1,193,152,1338,-3.2666666666666666,"-0.8886769826721183,-3.483333333333334,-0.9516959411554397,-0.9027398576421208"
4.616666666666666,273,Human,1,109,153,1450,-4.616666666666666,"-2.7058817350464404,-4.533333333333334,-2.8548413188799735,-2.5397601964381966"
2.8833333333333333,274,Human,2,194,142,177,-2.8833333333333333,"-1.3551031694293938,-1.3710287684687794,-2.8833333333333333,-1.3559034895574449"
4.183333333333334,276,Human,0,182,36,1565,-4.183333333333334,"-4.1,-1.3175305975521956,-1.76476801280358,-1.3632349412047036"
6.166666666666667,277,Human,3,195,130,135,-6.166666666666667,"-3.859539403201235,-4.007211589426336,-3.975954090026288,-6.166666666666667"
3.966666666666667,278,Human,3,192,130,465,-3.966666666666667,"-1.119606892432999,-1.2288701513722835,-1.3932450013842828,-3.9666666666666672"
2.75,280,Human,2,24,141,668,-2.75,"-0.9723057401506318,-1.3359535462853247,-2.783333333333333,-1.0041031963541356"
7.616666666666666,281,Human,0,196,130,312,-7.616666666666666,"-7.7,-4.6388799476826215,-4.613441982719819,-4.705978997525741"
5.883333333333334,283,Human,1,198,96,139,-5.883333333333334,"-3.720156623575108,-5.866666666666667,-3.9659089633879225,-4.1489423207193346"
9.483333333333333,285,Human,1,64,130,1167,-9.483333333333333,"-1.2740335097114417,-2.7666666666666666,-1.253803128141967,-1.6058662428046793"
2.6,286,Human,2,17,147,242,-2.6,"-1.1342457357312976,-1.1369215216684223,-2.6,-1.2852536550977482"
1.9166666666666667,287,Human,3,199,154,24,-1.9166666666666667,"-0.7282980722886706,-0.7423609472586731,-0.7600955284921743,-1.9166666666666667"
6.483333333333333,288,Human,2,200,155,1347,-6.483333333333333,"-1.4794289148137274,-1.4789129560904253,-3.45,-1.4797132762184764"
5.566666666666666,292,Human,3,202,157,139,-5.566666666666666,"-1.993523428089739,-2.395056499688615,-2.039227771742247,-5.566666666666666"
2.8,295,Human,1,17,158,243,-2.8,"-2.128598768521087,-2.8,-2.1254910171411976,-2.839829870032966"
2.0833333333333335,296,Human,1,56,96,1623,-2.0833333333333335,"-0.6227384258238932,-2.083333333333334,-0.8264341301675459,-0.7571996689244452"
2.4166666666666665,298,Human,1,204,130,111,-2.4166666666666665,"-0.9886491529657218,-2.4166666666666665,-1.006743705401527,-1.3217185074173656"
2.8333333333333335,300,Human,1,182,147,1763,-2.8333333333333335,"-1.5224903485295105,-2.5833333333333335,-2.276066062472395,-2.1237022515772668"
2.933333333333333,301,Human,1,41,54,244,-2.933333333333333,"-1.389200566924943,-2.9333333333333336,-1.4982478431428456,-1.498463825864228"
3.1166666666666667,303,Human,2,204,147,1243,-3.1166666666666667,"-2.0758140826307825,-1.4942206101085842,-3.1666666666666665,-1.5572395685919054"
1.9166666666666667,304,Human,0,207,78,1407,-1.9166666666666667,"-1.8666666666666667,-1.3371490280777536,-1.3264938804895607,-1.3376649868010555"
4.533333333333333,308,Human,1,181,126,1208,-4.533333333333333,"-2.3324777416148947,-4.25,-2.5341816053057995,-2.428596044947747"
4.45,309,Human,3,17,158,1243,-4.45,"-2.128598768521087,-2.118831549898577,-2.1254910171411976,-4.466666666666667"
2.15,311,Human,3,208,78,1216,-2.15,"-0.96635469162467,-0.9556995440364772,-0.985973122150228,-2.166666666666667"
2.566666666666667,314,Human,2,211,78,925,-2.566666666666667,"-0.9716702663786896,-0.9610151187904968,-2.5666666666666673,-1.572882169426446"
1.1666666666666667,316,Human,1,172,162,515,-1.1666666666666667,"-0.3288715486194478,-1.15,-0.4140256102440976,-0.329671868747499"
4.1,320,Human,1,17,56,47,-4.1,"-2.6925510593006106,-4.1,-2.9875474595885874,-3.00071040655283"
1.9833333333333334,321,Human,1,111,78,1462,-1.9833333333333334,"-0.6312583636766441,-1.9333333333333336,-0.7620706886066162,-0.6320586838046953"
6.55,324,Human,0,17,20,1282,-6.55,"-6.483333333333334,-4.068378367080724,-4.417337355852172,-4.194587229867651"
5.833333333333333,325,Human,2,158,140,621,-5.833333333333333,"-3.561735924435399,-3.655220445673699,-5.85,-3.6830462196117857"
2.033333333333333,326,Human,2,172,158,29,-2.033333333333333,"-0.8420509312436277,-1.4500823943688348,-2.033333333333333,-0.8443828503323576"
2.8666666666666667,327,Human,2,111,158,1015,-2.8666666666666667,"-1.531775071439663,-0.926075527403186,-2.35,-0.923743608314456"
3.1166666666666667,328,Human,2,111,166,1572,-3.1166666666666667,"-1.8385417810032576,-1.8318823137606373,-3.1333333333333337,-1.9669555079051055"
2.566666666666667,330,Human,2,71,126,326,-2.566666666666667,"-1.1230633362056126,-1.1253952552943427,-2.5833333333333335,-1.1505560899665843"
2.4166666666666665,331,Human,2,170,158,1786,-2.4166666666666665,"-1.5669091250611116,-0.9612095810246344,-2.416666666666667,-0.9588776619359048"
2.2333333333333334,332,Human,3,71,78,1214,-2.2333333333333334,"-0.8061483196590373,-0.962399819539047,-1.0361203084545556,-2.25"
1.6333333333333333,333,Human,1,64,82,126,-1.6333333333333333,"-0.7696943428199213,-1.6333333333333333,-0.7701743044229931,-1.1020070375162307"
5.8,335,Human,2,42,120,1800,-5.8,"-2.801982431333552,-3.2035155029324285,-5.7333077333333335,-3.2492198465849365"
12.183333333333334,337,Human,1,215,167,210,-12.183333333333334,"-9.118048174979505,-13.05,-9.205966135540258,-9.106063381061936"
2.9,339,Human,3,41,169,1339,-2.9,"-1.4935417109077316,-1.0920086393088553,-1.137712982961363,-2.9"
2.1666666666666665,340,Human,3,200,126,19,-2.1666666666666665,"-1.1452411634200117,-1.1447252046967094,-1.2097720009530089,-2.166666666666667"
4.716666666666667,342,Human,1,212,144,385,-4.716666666666667,"-2.934156444704907,-4.7,-3.252574971222786,-3.305046773478605"
2.7,345,Human,2,86,78,1151,-2.7,"-1.367686585073194,-1.378341732661387,-2.9,-1.489648781292816"
2.933333333333333,347,Human,1,217,172,293,-2.933333333333333,"-1.064271292140013,-2.9333333333333336,-1.5270565502317308,-1.0209850359528732"
2.45,348,Human,0,218,158,1377,-2.45,"-2.45,-1.112370045210309,-1.110038126121579,-1.7157376701580558"
3.8666666666666667,349,Human,2,44,173,71,-3.8666666666666667,"-2.799735435462655,-2.7974035163739255,-3.866666666666667,-3.3917066772729614"
7.016666666666667,350,Human,1,169,20,533,-7.016666666666667,"-5.331017978116038,-6.950000000000001,-5.500761555892722,-5.288757358965571"
1.7666666666666666,351,Human,3,219,158,1121,-1.7666666666666666,"-0.9712870461359492,-0.9689551270472192,-0.9964478808081908,-1.7666666666666666"
4.05,354,Human,3,220,174,236,-4.05,"-1.945644348452124,-2.1722702183825295,-2.170986321094313,-4.033333333333333"
71.88333333333334,355,Human,2,221,175,1760,-71.88333333333334,"-2.4358050045601978,-2.4362849661632695,-23.41669226666667,-2.77943351427942"
4.533333333333333,356,Human,3,100,19,1687,-4.533333333333333,"-2.889005712533616,-2.8894856741366883,-3.400422750506668,-4.5"
1.9666666666666666,357,Human,1,222,10,60,-1.9666666666666666,"-0.586370257246167,-1.9666666666666666,-0.868683182416235,-0.8072586125883038"
2.6666666666666665,360,Human,2,225,129,368,-2.6666666666666665,"-1.4289984060845629,-1.291170834451158,-2.6333333333333337,-1.7210920941450734"
6.8,362,Human,3,227,177,669,-6.8,"-2.456731461483081,-2.6220422366210703,-2.5095389199596325,-6.783333333333333"
5.55,363,Human,2,147,178,1626,-5.55,"-3.728776418997565,-2.965193308439172,-5.616641066666666,-2.6807710217180603"
4.15,364,Human,2,147,81,1470,-4.15,"-2.90213858830364,-3.018553275128694,-4.183333333333334,-3.049810774528742"
7.25,367,Human,1,77,180,255,-7.25,"-5.048388731698899,-7.233333333333334,-5.167770926621504,-4.977536027766354"
9.0,368,Human,0,229,181,220,-9.0,"-8.95,-6.509669111778677,-6.6278596565350965,-6.461169712018773"
7.75,370,Human,3,64,20,940,-7.75,"-4.484763934098658,-4.489863526131296,-4.70751406008318,-6.65"
3.6166666666666667,373,Human,0,228,24,1222,-3.6166666666666667,"-3.55,-2.56538867507796,-2.262298972674321,-2.3266931968866835"
8.116666666666667,374,Human,3,181,20,564,-8.116666666666667,"-5.348663999807653,-5.422170119318092,-5.444626099550358,-8.100000000000001"
6.733333333333333,375,Human,2,147,182,1206,-6.733333333333333,"-4.85035396661355,-5.096106306426366,-6.783333333333333,-4.959537640082938"
2.2666666666666666,376,Human,2,61,183,331,-2.2666666666666666,"-1.3585673146148305,-1.128869690424766,-2.2666666666666666,-1.6376169906407485"
4.066666666666666,377,Human,2,231,184,923,-4.066666666666666,"-2.235753592037068,-2.248436577398239,-4.083333333333334,-2.0909012342310933"
6.433333333333334,378,Human,3,232,144,1001,-6.433333333333334,"-4.302304320034067,-4.314975306355161,-4.620722846551946,-6.7666666666666675"
2.433333333333333,381,Human,2,233,61,1520,-2.433333333333333,"-0.9751749079761496,-1.2209272477889646,-1.8833333333333335,-1.070675267947352"
6.45,383,Human,0,17,186,1272,-6.45,"-6.383333333333335,-4.265957513930249,-4.614916502701696,-4.392166376717176"
3.4,384,Human,3,235,140,780,-3.4,"-1.544304171316584,-1.3612708139851704,-1.8458446435169829,-3.45"
1.6166666666666667,388,Human,2,138,187,278,-1.6166666666666667,"-0.274970002399808,-0.3572114230861531,-1.6166666666666667,-0.4814974802015838"
2.95,389,Human,3,236,39,284,-2.95,"-1.8691426598349357,-2.2132151340369997,-2.176726053163469,-2.95"
6.733333333333333,391,Human,0,17,20,256,-6.733333333333333,"-6.75,-4.068378367080724,-4.417337355852172,-4.194587229867651"
7.966666666666667,392,Human,2,169,20,209,-7.966666666666667,"-5.331017978116038,-5.493334150085187,-7.866666666666666,-5.288757358965571"
2.0,394,Human,1,87,189,30,-2.0,"-0.9781470399534904,-2.0,-1.387808845640488,-0.9308588230108458"
16.583333333333332,395,Human,1,238,22,704,-16.583333333333332,"-6.451139004271313,-8.916666666666666,-6.539056964832066,-6.612994329554773"
9.983333333333333,396,Human,1,239,138,87,-9.983333333333333,"-6.58985454918629,-9.95,-7.039887020545071,-6.638353948946194"
6.433333333333334,398,Human,2,56,190,1290,-6.433333333333334,"-3.1023416699733533,-2.951837710290128,-6.466666666666667,-3.127147834339748"
5.966666666666667,400,Human,0,45,20,162,-5.966666666666667,"-5.966666666666667,-3.6712615758289497,-3.706058792051652,-3.483308666067131"
6.483333333333333,401,Human,3,198,160,115,-6.483333333333333,"-3.69503906388044,-3.5445351041972137,-3.692675252985311,-6.483333333333334"
7.3,402,Human,0,98,7,30,-7.3,"-7.283333333333334,-3.8512486665075256,-4.170157165832381,-4.266067732194907"
5.75,404,Human,3,17,192,1395,-5.75,"-3.74017465038076,-3.757015276128,-3.856802252665827,-5.750000000000001"
5.75,407,Human,0,45,20,1312,-5.75,"-5.750000000000001,-3.6712615758289497,-3.706058792051652,-3.483308666067131"
7.433333333333334,408,Human,2,204,193,941,-7.433333333333334,"-4.120648405681504,-3.5686113743994015,-7.583333333333333,-3.719115334082627"
9.916666666666666,409,Human,1,240,138,3,-9.916666666666666,"-6.544710087280765,-9.883333333333333,-6.540345242223764,-6.941878313822641"
8.1,410,Human,0,71,194,1218,-8.1,"-8.100000000000001,-5.346479035388824,-5.2867118167663145,-5.526764612542652"
4.916666666666667,411,Human,0,17,61,859,-4.916666666666667,"-4.95,-3.577144291842007,-3.745538820279732,-3.719728885074548"
8.15,412,Human,3,241,96,179,-8.15,"-4.033810696115685,-4.059248661078488,-4.001772303004662,-8.166666666666666"
8.433333333333334,414,Human,0,243,20,732,-8.433333333333334,"-8.483333333333333,-4.759354796377699,-4.541704262425813,-5.2579865126702"
6.116666666666666,415,Human,1,244,1,1290,-6.116666666666666,"-4.604469110145204,-6.166666666666667,-4.752609258933302,-4.6076248576854"
6.0,417,Human,0,71,61,1415,-6.0,"-5.966666666666667,-3.9691817403707343,-4.324425320884292,-4.31126237392005"
5.683333333333334,419,Human,1,246,195,1291,-5.683333333333334,"-4.044976112082053,-5.683333333333334,-4.122141938815914,-4.378777407978381"
5.45,421,Human,3,237,196,200,-5.45,"-3.13427022800606,-3.1597081929688633,-3.380022567818875,-5.466666666666668"
4.85,422,Human,1,182,197,317,-4.85,"-2.11073914086873,-4.833333333333333,-2.5579765561201144,-2.1564434845212386"
9.3,423,Human,3,88,198,65,-9.3,"-6.728691954897205,-6.8517548301553,-7.267662128999963,-9.283333333333333"
13.983333333333333,427,Human,3,71,199,1125,-13.983333333333333,"-4.049229632196293,-4.002145398934954,-4.253845939150729,-6.5166666666666675"
6.4,428,Human,2,17,120,1660,-6.4,"-3.409208316648081,-3.6138246236025178,-6.3833589333333345,-3.362124083386742"
5.116666666666666,431,Human,3,186,120,11,-5.116666666666666,"-2.792290204011468,-2.9969065109659043,-2.81394811080049,-5.116666666666666"
6.966666666666667,432,Human,2,198,130,1160,-6.966666666666667,"-3.77194448054655,-3.797382445509353,-7.083333333333334,-4.157401643973475"
9.033333333333333,433,Human,2,189,159,591,-9.033333333333333,"-3.615760702093042,-3.465256742409816,-9.1,-3.866789814008693"
5.533333333333333,434,Human,0,175,83,112,-5.533333333333333,"-5.550000000000001,-4.100461430759558,-4.3695039073614295,-4.186247624286644"
4.4,435,Human,1,169,46,1452,-4.4,"-2.733883137483394,-4.366666666666667,-3.5532015920070323,-2.8658965764082804"
9.266666666666667,437,Human,2,251,126,30,-9.266666666666667,"-6.928785656884839,-6.709962591301514,-9.3,-6.758461991061418"
10.2,440,Human,3,64,0,373,-10.2,"-5.925598495098867,-6.0860826887763375,-6.224580766193051,-10.216666666666669"
7.566666666666666,441,Human,3,253,1,1004,-7.566666666666666,"-5.59314643359293,-5.456729073272273,-5.544647033833027,-7.533333333333334"
8.533333333333333,443,Human,3,255,198,265,-8.533333333333333,"-6.540882979615228,-6.548911057657099,-6.571972492454201,-8.533333333333333"
2.35,444,Human,2,252,28,1745,-2.35,"-1.6281836130951977,-1.607802430592498,-2.433333333333333,-1.6191655215452216"
3.683333333333333,445,Human,1,256,179,356,-3.683333333333333,"-2.664973340813073,-3.6833333333333336,-2.8931830840336157,-2.905866069394787"
3.783333333333333,448,Human,3,258,77,1018,-3.783333333333333,"-2.6504642423158984,-2.615667026093196,-2.427714116331378,-3.7166666666666672"
5.033333333333333,449,Human,1,147,204,405,-5.033333333333333,"-2.885114674225859,-5.066666666666667,-2.6732356245498337,-2.8259114104869583"
5.383333333333334,450,Human,2,259,100,764,-5.383333333333334,"-3.934322397065378,-3.965567897425349,-4.6,-3.976583016215846"
3.1,456,Human,2,261,208,993,-3.1,"-2.0792793143175197,-2.495266097799811,-3.116666666666667,-2.3004619270314315"
2.966666666666667,457,Human,3,125,24,1000,-2.966666666666667,"-1.3500506165724488,-1.6101298102369554,-1.3977424630952306,-2.9833333333333334"
5.05,458,Human,0,262,140,1198,-5.05,"-5.15,-1.9556875253773032,-1.9249940348619448,-1.6492681469383792"
4.95,459,Human,2,125,89,419,-4.95,"-2.0664461735147523,-2.216950133197978,-5.1833333333333345,-2.754361339581179"
1.2666666666666666,460,Human,2,263,89,142,-1.2666666666666666,"-0.5984905380231451,-0.7489944977063705,-1.2666666666666668,-0.7149052248481992"
2.066666666666667,463,Human,1,248,210,221,-2.066666666666667,"-1.3203743700503958,-2.066666666666667,-1.199016078713703,-1.1567554595632348"
2.4166666666666665,464,Human,3,265,5,1121,-2.4166666666666665,"-1.3851770945959376,-0.7204694548805843,-1.223277230258554,-2.3833333333333333"
3.1,465,Human,2,66,13,502,-3.1,"-2.4035127675737304,-2.3861021604223027,-3.1000000000000005,-2.4025828149672392"
1.15,466,Human,3,266,6,277,-1.15,"-0.4050755939524838,-0.6030717542596592,-0.6649748020158388,-1.15"
2.566666666666667,468,Human,3,267,212,334,-2.566666666666667,"-1.6962403968066706,-1.7447397965665743,-1.7624503797199225,-2.3833333333333333"
2.4,469,Human,2,148,213,1538,-2.4,"-0.7626410823508668,-0.9831954380024148,-2.433333333333333,-0.7989621766633218"
2.0833333333333335,472,Human,3,270,69,927,-2.0833333333333335,"-0.6387209023278138,-0.6809815214782817,-0.5882889368850492,-2.066666666666667"
3.0,475,Human,2,272,215,1665,-3.0,"-2.1226541876649865,-2.334809215262778,-5.016641066666667,-2.3278977681785458"
7.066666666666666,476,Human,3,273,216,1585,-7.066666666666666,"-4.501999658710333,-4.488152766461713,-4.578084621133027,-5.700000000000001"
4.666666666666667,477,Human,3,274,5,1616,-4.666666666666667,"-2.7677401074084917,-2.9505934251376726,-2.727843299153152,-4.616666666666667"
6.033333333333333,478,Human,2,275,217,716,-6.033333333333333,"-3.3447720081892394,-3.476800535016004,-6.200000000000001,-3.3262965753327784"
2.533333333333333,479,Human,3,276,20,393,-2.533333333333333,"-1.456788330883109,-1.4873378869186265,-1.4450772677681585,-2.5166666666666666"
1.9,480,Human,1,277,23,1250,-1.9,"-0.955879529637629,-1.9000000000000001,-1.129511847935719,-1.2202245909162803"
29.883333333333333,482,Human,2,279,20,212,-29.883333333333333,"-9.304349036880604,-9.227255204387204,-22.000000000000004,-9.2083869371379"
6.966666666666667,484,Human,0,281,28,129,-6.966666666666667,"-6.966666666666668,-4.74665175335683,-4.567733888568192,-4.758014844309554"
5.85,487,Human,3,284,84,201,-5.85,"-3.7361017372667376,-3.6559967795168986,-3.8067767171218905,-5.85"
1.8166666666666667,488,Human,1,285,5,1243,-1.8166666666666667,"-0.5938039722728544,-1.8000000000000003,-0.5589502755745926,-1.0339667472460543"
2.433333333333333,489,Human,3,286,5,1713,-2.433333333333333,"-1.0981185562778024,-0.9708807353034806,-1.325930674645668,-2.283333333333333"
2.066666666666667,490,Human,3,287,218,1381,-2.066666666666667,"-0.7582823482164643,-0.8035452049790398,-0.919765429569956,-2.05"
4.533333333333333,491,Human,3,234,52,272,-4.533333333333333,"-2.92020891870067,-2.8889634183406985,-2.9550421320436024,-4.533333333333333"
3.566666666666667,492,Human,2,198,0,1672,-3.566666666666667,"-1.6867531165827203,-1.698545213719,-3.5166666666666666,-1.442647712521796"
3.433333333333333,493,Human,2,10,219,1320,-3.433333333333333,"-1.4511630240280584,-1.297299333123331,-3.533333333333333,-1.7442248707970036"
2.8833333333333333,496,Human,2,290,20,272,-2.8833333333333333,"-1.7329816409240095,-1.5153311069721265,-2.8833333333333333,-1.5501283231948284"
6.9,497,Human,1,269,142,425,-6.9,"-6.123189321878557,-8.033333333333333,-5.986771961557898,-6.012209926520701"
23.25,498,Human,0,17,79,1042,-23.25,"-12.76666666666667,-8.298245174659108,-7.431177973095742,-4.084110214652091"
2.466666666666667,499,Human,3,291,221,679,-2.466666666666667,"-1.4721382289416844,-0.5259737042818752,-0.4899645850114168,-2.5333333333333337"
3.0,504,Human,1,74,3,1652,-3.0,"-2.465966165603148,-15.916461866666669,-2.4664221291260664,-2.957182868266935"
1.8666666666666667,505,Human,3,295,223,908,-1.8666666666666667,"-1.5368547418967589,-1.5066826730692278,-1.329031612645058,-1.8500000000000003"
2.466666666666667,506,Human,0,296,224,1508,-2.466666666666667,"-2.45,-1.0212284913965584,-1.0506802721088433,-1.3412364945978392"
3.0,507,Human,2,297,225,1585,-3.0,"-7.031366079560706,-7.132889006946205,-26.41674346666667,-7.017519187312087"
3.033333333333333,508,Human,1,298,5,516,-3.033333333333333,"-1.6165906679446436,-3.1333333333333337,-2.101711858249419,-1.7377106350099432"
3.5833333333333335,510,Human,3,300,5,97,-3.5833333333333335,"-2.3476500175304107,-2.2204121965560883,-2.28576526362885,-3.583333333333334"
22.7,511,Human,3,301,226,634,-22.7,"-6.719517365785039,-6.639412408035201,-3.845587070640458,-12.183333333333335"
4.016666666666667,512,Human,3,0,5,60,-4.016666666666667,"-2.4546241822863064,-2.424074626250789,-2.2968368052764663,-4.016666666666667"
3.0,513,Human,3,121,227,56,-3.0,"-1.1403462176807366,-1.8942354047450511,-2.122286625233247,-3.0000000000000004"
4.883333333333334,514,Human,2,99,61,1478,-4.883333333333334,"-2.0912432708457227,-2.109718703702183,-4.866666666666666,-2.293775068301926"
2.7666666666666666,515,Human,2,302,228,192,-2.7666666666666666,"-1.4480442285919473,-1.749115407611612,-2.7666666666666666,-1.4058196065617097"
2.5166666666666666,516,Human,1,268,39,1641,-2.5166666666666666,"-1.017440757877705,-2.45,-0.8524419037806323,-1.2078383289523071"
1.0166666666666666,517,Human,0,303,23,173,-1.0166666666666666,"-1.0166666666666666,-0.4032397408207342,-0.2460163186945044,-0.1727981761459083"
8.116666666666667,519,Human,3,304,160,291,-8.116666666666667,"-4.210997948673428,-4.4839933095247515,-4.642855400077315,-8.15"
2.9166666666666665,520,Human,3,125,39,1261,-2.9166666666666665,"-1.1968218082121775,-1.5044052015407112,-1.5408942824142415,-2.9"
1.4833333333333334,522,Human,3,306,39,779,-1.4833333333333334,"-0.9597852623065496,-0.8602381369676659,-0.9350401528063988,-1.5166666666666666"
14.266666666666667,524,Human,3,7,230,1197,-14.266666666666667,"-6.441513728191238,-6.5263103250157135,-6.580011805607951,-9.666666666666668"
3.4833333333333334,526,Human,3,307,39,319,-3.4833333333333334,"-2.153776833943937,-1.8718025350021636,-2.28868204152733,-3.45"
6.133333333333334,527,Human,1,308,51,474,-6.133333333333334,"-2.8079140716849422,-6.133333333333334,-2.865269483252017,-2.96362031888887"
1.9333333333333333,529,Human,0,309,24,243,-1.9333333333333333,"-1.9333333333333336,-1.0670319966561412,-1.0485565637996803,-1.363225736931229"
4.266666666666667,530,Human,2,310,132,1257,-4.266666666666667,"-2.5173915271244756,-2.535866959980936,-4.333333333333334,-2.836352164862025"
26.716666666666665,531,Human,2,286,50,133,-26.716666666666665,"-4.9378529820642685,-4.935233240090072,-17.700000000000003,-5.046756543488838"
2.683333333333333,533,Human,2,311,120,239,-2.683333333333333,"-1.6380894277452236,-1.846211639913028,-2.683333333333333,-1.8646870727694889"
2.316666666666667,534,Human,3,300,0,1004,-2.316666666666667,"-1.1272517070183004,-0.8872006974135946,-1.4277369118993888,-2.3"
2.65,536,Human,2,313,0,728,-2.65,"-1.2745506265861275,-1.5750358314672162,-2.6666666666666665,-1.5606250563580366"
2.716666666666667,537,Human,3,314,0,1703,-2.716666666666667,"-1.480753107578525,-1.479352547354435,-1.450581038750994,-2.683333333333333"
2.4166666666666665,539,Human,1,313,0,890,-2.4166666666666665,"-1.2745506265861275,-2.466666666666667,-1.9692485057377889,-1.5606250563580366"
7.783333333333333,541,Human,3,274,212,1678,-7.783333333333333,"-3.6111346799481794,-4.073160623363255,-3.3826786242119,-7.7499488"
6.933333333333334,543,Human,1,315,20,151,-6.933333333333334,"-5.507913253820468,-6.866666666666666,-5.441834540117564,-5.6349704697954115"
2.1,546,Human,2,150,235,367,-2.1,"-0.4046478490604305,-0.7145318026418631,-2.083333333333334,-1.083999589756709"
7.55,550,Human,0,181,5,1725,-7.55,"-7.616641066666667,-5.577358573389422,-5.547475187349622,-5.470105996332682"
7.6,553,Human,2,320,157,95,-7.6,"-4.594794140749295,-4.1932610691504175,-7.633333333333335,-4.161222676039393"
6.916666666666667,556,Human,3,322,133,45,-6.916666666666667,"-3.9490587204156182,-4.350591792014495,-3.974496685378421,-6.9"
3.933333333333333,558,Human,3,10,18,1722,-3.933333333333333,"-2.4886802093047447,-2.442444479591694,-2.400762248743991,-3.9333589333333334"
2.25,561,Human,3,138,39,848,-2.25,"-1.1133489772093577,-1.131824410065818,-1.145566399815549,-2.316666666666667"
2.5,562,Human,3,235,24,84,-2.5,"-1.37875288496213,-1.174136578007693,-1.3571699353391071,-2.5"
1.7666666666666666,564,Human,0,234,39,286,-1.7666666666666666,"-1.7666666666666666,-1.1748049716208937,-1.1203204194939749,-1.206050471980865"
1.8,565,Human,3,234,39,163,-1.8,"-1.1875750391244044,-1.1748049716208937,-1.1203204194939749,-1.8000000000000003"
1.7833333333333334,566,Human,0,291,39,1494,-1.7833333333333334,"-1.8000000000000003,-0.9508908847478434,-1.1143448975357315,-1.132820330392192"
2.6,567,Human,2,324,39,182,-2.6,"-1.5881333267210334,-1.5384123935046017,-2.6,-1.4062038810766848"
5.433333333333334,570,Human,0,150,239,169,-5.433333333333334,"-5.433333333333334,-3.801850611519773,-2.3505707455361025,-3.844111230670241"
5.916666666666667,571,Human,0,326,122,769,-5.916666666666667,"-6.45,-4.582797801302263,-4.671361088388154,-4.8441522638936325"
8.233333333333333,572,Human,3,33,81,1196,-8.233333333333333,"-4.905453679173966,-4.503920607575089,-4.529358572537891,-8.183333333333334"
9.066666666666666,573,Human,3,327,240,1777,-9.066666666666666,"-5.236640026780658,-5.353879838472071,-5.064877801372136,-7.8499488"
10.133333333333333,574,Human,3,328,241,458,-10.133333333333333,"-6.540250898450388,-6.53763115647619,-6.379426568718495,-10.116666666666667"
6.8,575,Human,2,17,35,399,-6.8,"-5.0248718056433495,-4.858750267035107,-6.8500000000000005,-5.576572485915459"
5.233333333333333,576,Human,3,278,220,529,-5.233333333333333,"-3.718142134187703,-3.8545594945083614,-3.8060600947484575,-5.2666666666666675"
2.6,579,Human,0,126,0,1455,-2.6,"-2.6333333333333337,-1.7328896857519107,-1.881709213563035,-1.967764658059048"
4.266666666666667,581,Human,0,84,242,167,-4.266666666666667,"-4.266666666666667,-2.857946455623643,-3.047567397717852,-2.860832864264507"
7.816666666666666,582,Human,0,330,228,172,-7.816666666666666,"-7.883333333333335,-4.935454098664743,-5.086138043949119,-4.947639966532408"
4.033333333333333,586,Human,3,331,0,40,-4.033333333333333,"-1.1719052919944075,-2.320804851818337,-1.9271273808299416,-4.033333333333333"
1.0833333333333333,589,Human,3,115,245,118,-1.0833333333333333,"-0.3050524601489264,-0.4905666658311992,-0.4189980383802189,-1.0833333333333335"
9.583333333333334,590,Human,2,147,246,1024,-9.583333333333334,"-5.678974827149745,-5.924727166962561,-7.533333333333334,-5.679274857152746"
33.78333333333333,592,Human,2,333,247,200,-33.78333333333333,"-9.073975274704752,-8.828694484202805,-25.06666666666667,-9.127676755296989"
5.15,597,Human,0,337,13,183,-5.15,"-5.15,-2.902084881804593,-2.888237989555973,-2.8985211669017854"
17.366666666666667,598,Human,1,135,251,1683,-17.366666666666667,"-2.8800753274283037,-16.4,-2.8805552890313755,-2.908801029372148"
1.1166666666666667,599,Human,1,123,252,1678,-1.1166666666666667,"-0.3219342452603791,-1.15,-0.3143388528917686,-0.4330186790338886"
4.183333333333334,601,Human,2,210,253,56,-4.183333333333334,"-1.594254955647974,-1.6462347972606448,-4.183333333333334,-1.7072379170110648"
3.533333333333333,602,Human,3,85,79,906,-3.533333333333333,"-1.7847117824811711,-2.0527703377967463,-2.1158492914804516,-3.533333333333333"
37.31666666666667,603,Human,1,288,254,1756,-37.31666666666667,"-3.8307133616141,-37.33379413333334,-3.181359664807359,-4.098771916929675"
1.65,604,Human,2,338,31,58,-1.65,"-0.5381811291280315,-0.8265180621733879,-1.6500000000000001,-0.7512360847315832"
4.883333333333334,606,Human,1,340,255,764,-4.883333333333334,"-1.2267203785373,-3.4000000000000004,-1.2272003401403715,-1.3397033399003908"
7.55,607,Human,1,293,255,967,-7.55,"-1.3951753541119425,-7.633333333333335,-1.508158315475033,-1.620517326754131"
5.066666666666666,608,Human,3,106,205,290,-5.066666666666666,"-3.383758984466429,-3.3842389460695013,-3.3842389460695013,-5.066666666666667"
3.55,610,Human,3,341,256,755,-3.55,"-0.8593533183368718,-0.8619870806331877,-1.11328900348206,-3.566666666666667"
4.833333333333333,611,Human,2,63,257,14,-4.833333333333333,"-2.658205873352097,-2.6586858349551687,-4.833333333333333,-2.7448005112072393"
1.1,613,Human,3,343,111,689,-1.1,"-0.3361051115910727,-0.4593472522198225,-0.4528197744180466,-1.1166666666666667"
2.35,615,Human,0,135,259,253,-2.35,"-2.35,-1.0571451618415502,-1.22690758084803,-1.300173719556933"
6.933333333333334,617,Human,0,345,261,294,-6.933333333333334,"-6.916666666666668,-4.48430107459706,-4.4704541823484405,-4.20593534385552"
3.0,618,Human,2,346,262,1565,-3.0,"-0.5926086993148558,-0.5952424616111719,-3.0000000000000004,-0.8465443844600441"
1.8833333333333333,619,Human,3,340,72,1273,-1.8833333333333333,"-0.7950789098547947,-1.049014594999983,-0.9023623271814084,-1.9166666666666667"
4.0,620,Human,1,67,216,220,-4.0,"-3.0834787730342472,-3.983333333333334,-3.115756190840823,-3.459601288275045"
3.0,621,Human,1,227,113,1287,-3.0,"-2.3051799571277365,-22.66666666666667,-2.357987415604288,-2.3078137194240527"
6.55,623,Human,2,118,102,277,-6.55,"-4.345698029342839,-4.346177990945911,-6.533333333333333,-4.346177990945911"
2.4166666666666665,626,Human,2,76,266,851,-2.4166666666666665,"-1.2648533711540773,-1.2510064789054571,-2.283333333333333,-1.2523503713940582"
3.45,628,Human,3,339,249,71,-3.45,"-1.3092051075289726,-1.793282381347067,-1.57751564268616,-3.45"
25.116666666666667,629,Human,1,348,92,1182,-25.116666666666667,"-3.275825935081211,-25.233205333333334,-3.4180170807979575,-3.385513525019995"
2.3333333333333335,630,Human,1,8,268,1668,-2.3333333333333335,"-1.1157871085556228,-2.666666666666667,-1.5486524793259608,-1.118420870851939"
38.5,631,Human,3,349,66,1676,-38.5,"-4.474908733391763,-4.488755625640385,-4.564840588063079,-39.13402453333334"
4.716666666666667,634,Human,2,352,84,762,-4.716666666666667,"-3.233942543855752,-3.109980143920976,-4.683333333333334,-3.3624159490565653"
6.383333333333334,635,Human,1,353,104,349,-6.383333333333334,"-3.4714381036347377,-6.35,-3.735956942127659,-3.722110049879038"
2.433333333333333,636,Human,2,353,79,977,-2.433333333333333,"-1.1293362125267674,-1.2199049670264073,-2.433333333333333,-1.377332372833943"
5.183333333333334,637,Human,1,354,84,1377,-5.183333333333334,"-3.643733760558416,-5.25,-3.456776717121891,-3.648941343951744"
2.533333333333333,638,Human,3,355,269,155,-2.533333333333333,"-0.8561058263487069,-0.8565857879517786,-0.8565857879517786,-2.5333333333333337"
4.766666666666667,639,Human,1,356,270,1095,-4.766666666666667,"-3.7026604125727127,-4.783333333333333,-3.583887719968679,-3.503782762218841"
13.933333333333334,643,Human,0,347,272,1616,-13.933333333333334,"-14.4500256,-3.423787782162613,-3.463070836354332,-3.546093680763954"
3.0,644,Human,0,359,0,75,-3.0,"-3.0000000000000004,-3.0000000000000004,-3.2087494043233504,-3.2027966232109053"
18.25,645,Human,3,360,273,600,-18.25,"-2.915854066582579,-3.103747213348659,-3.0212536346171364,-9.483333333333333"
4.583333333333333,649,Human,3,363,264,1317,-4.583333333333333,"-3.113828578898873,-3.4675242832425255,-3.0000365787329613,-4.816666666666667"
5.1,650,Human,3,364,72,176,-5.1,"-1.0625559906637188,-1.3185195135818848,-1.3379057369667635,-5.1"
4.733333333333333,651,Human,2,284,92,1120,-4.733333333333333,"-3.057880628808954,-3.137985586558793,-4.816666666666666,-3.325554581039235"
5.516666666666667,654,Human,0,129,275,378,-5.516666666666667,"-5.516666666666667,-2.383123035342358,-2.59437813493439,-2.383842977746965"
5.2,655,Human,1,367,92,1439,-5.2,"-2.8476694457036027,-4.8,-2.951569133728561,-2.8536329686217696"
2.4166666666666665,659,Human,1,3,72,1011,-2.4166666666666665,"-1.295271346432557,-2.35,-1.5512348693507227,-1.6155617232024146"
7.083333333333333,660,Human,2,119,84,1625,-7.083333333333333,"-2.999649287316275,-3.215787996219563,-7.116641066666666,-3.000129248919347"
3.75,661,Human,0,369,276,664,-3.75,"-3.766666666666667,-2.7398184997052093,-3.086506764644014,-2.9439221714114727"
4.616666666666666,662,Human,2,3,13,259,-4.616666666666666,"-1.2298372862520492,-1.633088388900111,-4.6,-1.9326142324131883"
2.533333333333333,663,Human,3,370,13,15,-2.533333333333333,"-1.1078938036616726,-1.0257964254573295,-1.104330088758865,-2.5333333333333337"
5.6,664,Human,3,371,277,156,-5.6,"-2.7033320419155937,-2.6272470794928995,-2.613400187244279,-5.6"
5.466666666666667,665,Human,2,352,66,608,-5.466666666666667,"-3.3315816401354557,-3.2076192402006796,-5.466666666666668,-3.3367892235287844"
2.35,669,Human,3,178,279,622,-2.35,"-1.0177812717604826,-1.0204150340567986,-1.0181112183620542,-2.3833333333333333"
4.683333333333334,672,Human,3,373,281,981,-4.683333333333334,"-3.1460580005451417,-3.334586918231727,-3.248889774003265,-4.8"
5.933333333333334,674,Human,0,375,255,1603,-5.933333333333334,"-5.916666666666667,-2.8824390900579817,-2.987298701289083,-2.8824390900579813"
3.6,675,Human,3,106,85,1295,-3.6,"-1.4919366450683946,-1.3294934731054098,-1.5692464602831775,-3.6000000000000005"
1.3333333333333333,678,Human,1,373,282,399,-1.3333333333333333,"-0.9183465322774176,-1.35,-1.2024118070554357,-0.9506239500839933"
28.483333333333334,682,Human,3,377,35,206,-28.483333333333334,"-6.102220500841008,-6.022115543091169,-6.174533976267175,-17.96666666666667"
8.133333333333333,683,Human,3,378,285,1497,-8.133333333333333,"-6.081253558005888,-5.742389617901408,-5.832321472572723,-8.166666666666666"
5.65,686,Human,1,124,19,1724,-5.65,"-3.708969074939354,-5.7333077333333335,-3.521075928173275,-3.709268996940194"
6.2,687,Human,1,63,19,1224,-6.2,"-4.4903665487839035,-6.216666666666667,-3.708888172505009,-3.5209950257389284"
26.15,688,Human,2,380,50,1787,-26.15,"-3.821485477573802,-4.26722768434923,-21.58341013333333,-7.093580495620388"
8.366666666666667,689,Human,3,35,3,839,-8.366666666666667,"-5.937120556739519,-5.934500814765322,-5.953487103358166,-8.383333333333335"
7.833333333333333,690,Human,1,381,73,218,-7.833333333333333,"-4.615091723198388,-7.916666666666668,-4.464587763515163,-5.016624794797264"
3.433333333333333,691,Human,1,382,66,302,-3.433333333333333,"-1.4206771290246645,-3.433333333333333,-2.655006506886856,-1.9192859639902344"
5.916666666666667,692,Human,2,383,287,238,-5.916666666666667,"-3.5923167140058148,-3.623142247963098,-5.933333333333334,-3.5930366564104226"
1.95,693,Human,1,293,288,219,-1.95,"-0.7275624322691449,-1.9500000000000002,-0.8004805988158211,-0.8932451776495144"
3.0833333333333335,694,Human,2,118,85,528,-3.0833333333333335,"-1.4326613870890328,-1.270218215126048,-2.55,-1.461909074276758"
2.966666666666667,695,Human,2,369,66,234,-2.966666666666667,"-0.9741690278905768,-0.974468949891416,-2.966666666666667,-1.096847213635717"
2.0,696,Human,3,384,3,456,-2.0,"-0.645339377350262,-0.6457953408731801,-0.6478591757663887,-2.033333333333333"
10.416666666666666,697,Human,2,385,19,1124,-10.416666666666666,"-7.217206709209254,-7.277850577987866,-10.516666666666667,-7.16870730944935"
8.35,698,Human,3,269,234,357,-8.35,"-5.177452787581617,-5.199879267172735,-5.287797227733488,-8.316666666666666"
16.233333333333334,700,Human,0,106,89,1267,-16.233333333333334,"-11.416666666666666,-7.661911153031388,-7.625137848523931,-7.6739170352979"
5.666666666666667,702,Human,3,386,21,601,-5.666666666666667,"-2.177870010495199,-2.450767938564915,-2.17834997209827,-5.633333333333334"
42.68333333333333,703,Human,1,387,289,1103,-42.68333333333333,"-2.265520552484439,-23.350000000000005,-2.274495834461881,-2.338294730550194"
3.0,704,Human,1,126,97,582,-3.0,"-4.802061574068385,-12.05,-4.799441832094188,-5.313158253516458"
5.516666666666667,705,Human,3,388,290,1416,-5.516666666666667,"-4.298073535801507,-4.80997053537763,-4.298793478206115,-5.516666666666667"
3.0,707,Human,1,390,291,805,-3.0,"-2.568179736008932,-3.0000000000000004,-3.076134989636639,-2.5686596976120035"
5.416666666666667,708,Human,1,391,208,146,-5.416666666666667,"-3.2732070770786037,-5.416666666666668,-3.5824907905639978,-3.3317705024487516"
4.933333333333334,710,Human,3,392,3,220,-4.933333333333334,"-3.632512015182258,-3.725764753820487,-3.632967978705176,-4.933333333333334"
1.05,712,Human,0,118,66,816,-1.05,"-1.0833333333333335,-0.8414955877603865,-0.8414955877603865,-0.8416756273626188"
3.8,713,Human,0,118,35,1758,-3.8,"-3.8166666666666673,-2.939536467588924,-2.9313615057395332,-2.930827852278149"
15.833333333333334,716,Human,2,395,35,792,-15.833333333333334,"-2.0645147889034066,-2.0734900708808484,-7.9333333333333345,-2.0649947505064783"
2.3,719,Human,3,301,72,159,-2.3,"-1.0423565826618624,-0.9440364770818336,-1.1093472522198224,-2.3"
3.0,720,Human,3,178,109,1659,-3.0,"-1.0709863210943125,-1.063390928725702,-1.198776097912167,-3.0000000000000004"
3.0,721,Human,1,397,292,572,-3.0,"-0.7390618702040006,-3.0000000000000004,-0.7395418318070723,-0.7501729813151117"
6.066666666666666,723,Human,1,169,120,127,-6.066666666666666,"-2.9627494019086793,-6.1,-3.1673657088631155,-3.008453745561187"
2.9166666666666665,724,Human,3,345,294,283,-2.9166666666666665,"-1.4667420027766325,-1.261627069834413,-1.4584470217172538,-2.916666666666667"
1.3666666666666667,725,Human,2,399,21,1138,-1.3666666666666667,"-0.4544516438684904,-0.5370290376769857,-1.366666666666667,-0.6717302615790736"
3.75,727,Human,1,400,257,6,-3.75,"-2.5308956988122824,-3.75,-2.403027114373467,-2.5860792841254567"
4.65,728,Human,2,16,263,1018,-4.65,"-1.455291360604717,-1.1265844998906689,-4.5,-1.5677943603647364"
2.4,729,Human,0,344,4,949,-2.4,"-2.4,-0.781605471562275,-0.7829493640508759,-0.87485001199904"
1.9833333333333334,730,Human,3,297,255,580,-1.9833333333333334,"-0.2912167026637868,-1.302398367554365,-0.3844612431005519,-1.6833333333333333"
1.4166666666666667,732,Human,2,401,79,1502,-1.4166666666666667,"-0.4559635229181665,-0.5465322774178065,-1.416666666666667,-0.6110871130309575"
2.0,733,Human,2,402,253,1376,-2.0,"-0.7792776577873769,-0.7730981521478281,-1.9000000000000001,-0.8725221982241419"
2.1666666666666665,734,Human,1,403,257,1747,-2.1666666666666665,"-1.314097042704771,-2.1,-1.3145770043078424,-1.3145770043078424"
2.0166666666666666,735,Human,0,345,296,247,-2.0166666666666666,"-2.0166666666666666,-1.0092152627789777,-1.0769138468922486,-1.1427525797936164"
3.05,736,Human,2,404,297,165,-3.05,"-1.8449298797992917,-1.979139143058231,-3.05,-2.1343467264515597"
2.15,737,Human,3,66,253,509,-2.15,"-0.8956323494120468,-0.9898248140148788,-0.9540196784257258,-2.1333333333333333"
1.7,740,Human,3,407,298,1220,-1.7,"-0.8375449964002879,-0.9317374610031196,-1.0594912407007435,-1.7333333333333334"
2.0,741,Human,1,408,299,965,-2.0,"-0.8090987150799845,-2.0166666666666666,-0.8753334163038865,-1.3176694435873697"
4.366666666666666,742,Human,2,409,167,483,-4.366666666666666,"-2.006395488360931,-2.111735061195104,-4.383333333333334,-2.332613390928725"
3.0,743,Human,1,355,300,1211,-3.0,"-0.5715622750179985,-4.75,-0.963906887449004,-2.126577873770098"
4.2,744,Human,0,410,55,17,-4.2,"-4.2,-2.4977547390446464,-2.5522423800333676,-2.4770443958721"
2.1166666666666667,746,Human,3,16,79,227,-2.1166666666666667,"-0.8091192704583633,-0.8073554115670746,-0.809599232061435,-2.1166666666666667"
1.7833333333333334,747,Human,2,411,255,940,-1.7833333333333334,"-0.3396448284137268,-0.4328893688504919,-2.1000000000000005,-0.4160907127429806"
4.816666666666666,748,Human,2,412,301,861,-4.816666666666666,"-1.5197249814252556,-1.520204943028327,-4.8,-1.4453309329491335"
3.0,750,Human,1,414,263,1270,-3.0,"-1.682339314415471,-3.0000000000000004,-1.422756806106172,-1.42470792492663"
4.083333333333333,751,Human,0,340,174,159,-4.083333333333333,"-4.083333333333333,-2.755386085280761,-2.530524074241644,-2.530524074241644"
4.866666666666666,752,Human,2,415,303,519,-4.866666666666666,"-2.376550247504506,-2.3791840098008223,-4.866666666666666,-2.4398991525894"
12.533333333333333,753,Human,2,416,21,1348,-12.533333333333333,"-2.397660187185025,-2.1247622591153092,-12.583384533333335,-2.6107151427885773"
3.1333333333333333,754,Human,2,417,257,711,-3.1333333333333333,"-2.000538127417994,-2.2257721086994913,-3.1333333333333337,-2.2485342877251697"
8.15,755,Human,0,364,21,320,-8.15,"-8.133333333333333,-5.114532762660211,-5.0216879501491745,-2.7738913239330953"
3.0,756,Human,2,418,72,1100,-3.0,"-1.1869436039354546,-1.2007904961840747,-3.0000000000000004,-1.488133352693129"
1.65,757,Human,3,419,304,337,-1.65,"-0.7165586753059754,-0.7991360691144708,-0.8313414926805853,-1.6500000000000001"
1.3,759,Human,1,405,21,1728,-1.3,"-0.4979721622270218,-1.3166666666666669,-0.8303335733141347,-0.5762538996880249"
3.3,762,Human,3,420,305,1582,-3.3,"-2.461862916512898,-2.368282402953983,-2.4073752755241773,-3.333333333333334"
1.6166666666666667,763,Human,1,421,21,279,-1.6166666666666667,"-1.010355171586273,-1.6166666666666667,-1.038588912886969,-1.1387089032877369"
3.05,764,Human,0,422,99,832,-3.05,"-2.866666666666667,-1.7913099437039035,-1.7252312300009998,-1.7161119595426364"
3.6,766,Human,0,337,305,146,-3.6,"-3.6000000000000005,-2.3713181600934115,-1.9915022740557708,-2.414826679411866"
2.8666666666666667,767,Human,3,424,253,1176,-2.8666666666666667,"-0.5994840412766979,-1.1635829133669304,-0.6927285817134629,-2.866666666666667"
2.8,768,Human,0,425,79,368,-2.8,"-2.8500000000000005,-1.0619750419966405,-0.7105234462395468,-0.665010799136069"
3.183333333333333,769,Human,1,422,79,99,-3.183333333333333,"-2.3185130783775,-3.1833333333333336,-2.306922005663317,-2.2794202058073054"
1.5,771,Human,3,427,21,1263,-1.5,"-0.6501799856011519,-0.4799579875146602,-0.4901127909767219,-1.5333333333333337"
3.033333333333333,774,Human,3,428,255,1309,-3.033333333333333,"-1.9165092386846747,-1.967193183969052,-0.98177345812335,-3.05"
9.866666666666667,775,Human,2,147,306,669,-9.866666666666667,"-3.5167856093427083,-3.5954573681969215,-9.9,-3.576153312521375"
3.533333333333333,776,Human,2,85,290,1223,-3.533333333333333,"-2.3263714989235433,-2.131664832959822,-3.55,-2.0515598752099833"
2.2,777,Human,1,143,255,985,-2.2,"-0.6618190544756419,-2.25,-1.5970347966400382,-1.2684905207583392"
3.183333333333333,780,Human,2,429,253,166,-3.183333333333333,"-0.6734341252699785,-0.9359601724058956,-3.1833333333333336,-0.7864170866330694"
4.75,781,Human,2,294,253,255,-4.75,"-0.7726616924667635,-0.8851646922267827,-4.766666666666667,-0.7740055849553644"
2.15,782,Human,1,371,257,429,-2.15,"-1.2133013464565092,-2.15,-2.1843036278586307,-1.3327157933007616"
5.283333333333333,783,Human,3,294,257,700,-5.283333333333333,"-1.9099168825197463,-1.9451700622653672,-2.1229718381232985,-5.300000000000001"
4.583333333333333,784,Human,1,353,305,726,-4.583333333333333,"-1.2496598927547984,-4.583333333333333,-1.497656053061974,-1.2589831468944672"
1.15,785,Human,2,294,79,243,-1.15,"-0.503427231223663,-0.5939959857233029,-1.15,-0.6585508213364539"
3.35,786,Human,1,344,72,46,-3.35,"-1.935479721046086,-3.35,-1.0145908327333812,-1.0007439404847611"
7.383333333333334,789,Human,3,431,309,1016,-7.383333333333334,"-0.8179145668346532,-0.8459683225341973,-0.9232541396688264,-7.383333333333334"
3.95,790,Human,2,432,253,1288,-3.95,"-0.6383849292056636,-0.7513678905687545,-3.95,-0.7508879289656828"
4.266666666666667,791,Human,1,178,310,1371,-4.266666666666667,"-1.1568478939451952,-4.266666666666667,-1.2693508937052145,-1.157327855548267"
3.0,792,Human,3,433,72,658,-3.0,"-0.5760499160067194,-0.8538876889848812,-0.6813894888408927,-2.9333333333333336"
3.0,793,Human,3,178,311,1715,-3.0,"-0.8389728821694264,-1.064314854811615,-1.090291825873618,-3.0000000000000004"
2.0166666666666666,794,Human,1,434,312,171,-2.0166666666666666,"-1.4743580513558918,-2.0166666666666666,-1.604787616990641,-1.5803812525730234"
3.7666666666666666,798,Human,0,436,257,24,-3.7666666666666666,"-3.766666666666667,-2.374997356754077,-2.3243134114696993,-2.373070869816609"
1.5,801,Human,1,438,31,107,-1.5,"-0.4552195824334053,-1.5000000000000002,-0.4565634749220062,-0.6282937365010798"
2.6166666666666667,803,Human,2,403,255,284,-2.6166666666666667,"-0.5551715862730981,-1.4899073668344225,-2.6166666666666667,-1.1919126469882408"
3.0,805,Human,3,441,72,1196,-3.0,"-0.5064434845212382,-0.5202903767698583,-0.6795176385889128,-3.0000000000000004"
1.1166666666666667,806,Human,2,20,79,592,-1.1166666666666667,"-0.6169056967639468,-0.6173856583670185,-1.2333333333333334,-0.7283167838769777"
3.966666666666667,808,Human,2,442,257,738,-3.966666666666667,"-2.0096379516529437,-1.930060951666484,-3.933333333333333,-1.9357658542178573"
2.55,809,Human,3,367,309,89,-2.55,"-1.283225341972642,-1.117914566834653,-1.1707220253112045,-2.55"
2.933333333333333,812,Human,1,124,257,1650,-2.933333333333333,"-2.5062376714544707,-3.116666666666667,-2.5067176330575425,-2.5067176330575425"
4.966666666666667,813,Human,3,444,290,261,-4.966666666666667,"-1.3395368370530356,-1.4053755699544035,-1.3281497480201585,-4.933333333333334"
5.066666666666666,815,Human,1,361,257,175,-5.066666666666666,"-2.046002490268966,-5.066666666666667,-2.0464824518720377,-2.0464824518720377"
2.783333333333333,816,Human,3,445,72,845,-2.783333333333333,"-0.573746100311975,-0.5742260619150468,-0.6017998560115191,-1.35"
1.9833333333333334,817,Human,0,136,290,196,-1.9833333333333334,"-1.9833333333333336,-1.2020038396928243,-1.124778017758579,-1.1366450683945282"
2.3833333333333333,818,Human,3,124,93,357,-2.3833333333333333,"-0.8794216462682986,-1.1402087832973364,-1.233117350611951,-2.3833333333333333"
3.0,822,Human,3,447,55,1387,-3.0,"-0.9784977201823852,-1.129277657787377,-1.0332613390928729,-18.983154133333336"
2.033333333333333,823,Human,3,370,290,31,-2.033333333333333,"-0.752963762898968,-0.6871250299976001,-0.6757379409647227,-2.033333333333333"
4.7,826,Human,1,449,120,1763,-4.7,"-3.5711161157603097,-5.866666666666667,-4.077187630039168,-3.775216463991444"
42.25,827,Human,1,450,315,322,-42.25,"-2.2641368524183503,-12.95,-2.390059444677576,-2.4100752277684903"
6.616666666666666,830,Human,2,315,120,174,-6.616666666666666,"-3.1158265830606733,-3.5173596546595496,-6.616666666666666,-3.563063998312057"
4.75,832,Human,3,53,170,125,-4.75,"-2.40518789565953,-2.003654824060654,-2.049359167713162,-4.75"
6.233333333333333,835,Human,1,100,318,324,-6.233333333333333,"-4.742410706765732,-6.216666666666667,-4.710372313654708,-3.350277197748635"
1.95,836,Human,2,192,319,331,-1.95,"-1.0461584633853542,-1.1185874349739895,-1.9500000000000002,-1.0635254101640657"
4.333333333333333,837,Human,3,453,170,49,-4.333333333333333,"-2.285680092538281,-1.8841470209394051,-1.9298513645919129,-4.333333333333334"
4.433333333333334,838,Human,1,11,320,829,-4.433333333333334,"-2.4687393519841936,-4.683333333333334,-2.4692193135872653,-2.4695396721122447"
2.683333333333333,840,Human,1,184,141,1055,-2.683333333333333,"-0.7919001725960363,-2.7,-0.8059630475660385,-0.896778884339913"
3.6,841,Human,3,79,130,358,-3.6,"-1.0082823626210742,-1.3039806419327986,-1.14029580154596,-3.6000000000000005"
5.2,844,Human,2,455,96,899,-5.2,"-0.9998518485868068,-1.125141964633225,-5.2,-1.2244016685147776"
3.05,845,Human,2,456,173,1728,-3.05,"-1.9924442768250905,-2.055463235308412,-3.116666666666667,-2.1941481405159955"
3.2333333333333334,848,Human,3,75,154,16,-3.2333333333333334,"-0.5351340536214486,-0.9054221688675472,-0.7365546218487394,-3.2333333333333334"
2.533333333333333,849,Human,1,206,10,212,-2.533333333333333,"-1.558749316861374,-2.5333333333333337,-1.707708900694907,-1.887940993532042"
4.75,850,Human,1,457,96,467,-4.75,"-2.222030725195612,-4.933333333333334,-2.4708702610099373,-2.347953317454838"
3.2333333333333334,852,Human,3,23,91,1464,-3.2333333333333334,"-1.4307723089235695,-1.5374149659863945,-1.5952380952380951,-3.0666666666666673"
2.85,855,Human,3,459,323,1128,-2.85,"-1.3651958242085789,-1.6552391978947785,-1.761881854957604,-2.8666666666666667"
4.716666666666667,860,Human,2,453,147,295,-4.716666666666667,"-2.326747760637622,-1.7451542881154238,-4.716666666666667,-2.1154424033615227"
5.15,862,Human,0,223,325,837,-5.15,"-5.15,-4.23745611885492,-3.642956014997682,-3.8272929319098754"
6.25,864,Human,2,461,117,104,-6.25,"-4.3355723853118775,-4.500038171626404,-6.25,-4.481510760662018"
5.7,866,Human,2,381,327,1092,-5.7,"-3.2245492799123787,-3.709701181474657,-5.766666666666667,-3.956624860953648"
8.1,870,Human,3,48,6,281,-8.1,"-5.20174798228158,-5.41375217920873,-5.244008601432046,-8.100000000000001"
2.8833333333333333,871,Human,2,464,50,142,-2.8833333333333333,"-1.3262129473819766,-2.0571206996295217,-2.8833333333333333,-1.4316125154165336"
2.0,872,Human,2,115,328,1642,-2.0,"-0.9720880288760574,-0.9848060606532032,-1.9333333333333336,-1.1631044354386824"
1.9833333333333334,874,Human,3,466,51,751,-1.9833333333333334,"-1.070386369090473,-1.0130309575233982,-1.019042476601872,-1.9500000000000002"
6.483333333333333,875,Human,3,192,329,316,-6.483333333333333,"-4.361281813727558,-4.195160275119314,-4.525747600042085,-6.45"
9.466666666666667,876,Human,3,467,330,1487,-9.466666666666667,"-4.698383024616009,-5.118981605732231,-5.099916096214884,-7.849974400000001"
3.3,878,Human,3,457,225,1519,-3.3,"-2.175409598876646,-2.321347974226786,-2.424249134690972,-3.2833333333333337"
4.583333333333333,879,Human,3,468,46,1555,-4.583333333333333,"-3.0260392511887755,-3.1739394191753365,-3.0578367073922794,-4.383333333333335"
6.6,881,Human,2,397,173,1473,-6.6,"-4.497681651963717,-4.52311961692652,-6.65,-4.506656933941159"
3.8,884,Human,2,2,333,43,-3.8,"-2.3079090486911418,-2.275870655580118,-3.8,-2.316884330668584"
6.9,888,Human,3,55,82,32,-6.9,"-4.480371081516125,-4.5058090464789275,-4.90994494460979,-6.9"
5.266666666666667,889,Human,1,472,335,160,-5.266666666666667,"-3.3062949032278928,-5.2666666666666675,-3.306774864830964,-3.387480408387479"
7.416666666666667,890,Human,2,473,198,47,-7.416666666666667,"-4.845595284948397,-4.8710332499112,-7.433333333333334,-5.26619386606462"
4.3,891,Human,1,474,35,1180,-4.3,"-2.0754017158407523,-3.533333333333333,-2.840972854303337,-2.239867502155278"
3.0,892,Human,1,475,50,508,-3.0,"-3.036255922518151,-12.116666666666669,-3.433814946127595,-3.1117892558514844"
6.4,893,Human,2,224,225,1003,-6.4,"-3.9442167566547184,-4.193601974860426,-8.25,-3.9959686165059303"
2.566666666666667,894,Human,2,476,35,204,-2.566666666666667,"-1.314045461428472,-1.3143121280951386,-2.5666666666666673,-1.3895787947618057"
3.4833333333333334,895,Human,1,477,242,355,-3.4833333333333334,"-1.3910307555547614,-3.5000000000000004,-1.8116293366709844,-1.7193112974331397"
3.683333333333333,896,Human,1,475,336,716,-3.683333333333333,"-1.6444910616039607,-2.4833333333333334,-1.6449710232070325,-1.6449710232070325"
9.066666666666666,897,Human,2,475,106,1179,-9.066666666666666,"-4.965841765547645,-5.0413750988809785,-7.183333333333334,-4.966642085675696"
1.9333333333333333,898,Human,0,478,242,276,-1.9333333333333333,"-1.9333333333333336,-1.04058931519083,-1.0324143533414394,-1.1043882112791428"
2.7666666666666666,899,Human,2,479,337,293,-2.7666666666666666,"-1.9091873466449216,-1.934785562893264,-2.7666666666666666,-2.090481217685058"
39.28333333333333,901,Human,2,48,2,588,-39.28333333333333,"-1.5539895151725198,-1.601037751313629,-20.41666666666667,-1.9515485387819635"
1.4166666666666667,902,Human,2,21,47,341,-1.4166666666666667,"-0.7986194477791115,-0.9786114445778312,-1.416666666666667,-0.9545709716572012"
2.033333333333333,905,Human,3,482,341,50,-2.033333333333333,"-0.9515939421124824,-1.141418756127361,-1.105229651255751,-2.033333333333333"
2.6,906,Human,2,320,51,673,-2.6,"-1.5777155624798411,-1.5649975307026955,-2.916666666666667,-1.5953901485129585"
1.8333333333333333,908,Human,1,115,343,435,-1.8333333333333333,"-0.6619958854672177,-1.8333333333333335,-0.8881657918747052,-0.8530122920298429"
2.55,909,Human,0,483,344,776,-2.55,"-2.5333333333333337,-1.6135401028662002,-1.6497292077378105,-1.8893361664320152"
8.883333333333333,910,Human,1,484,46,760,-8.883333333333333,"-6.707631984436398,-8.866666666666667,-6.4989698730835785,-8.08752905485564"
3.0,912,Human,0,33,343,351,-3.0,"-13.3,-3.1784958871215254,-3.207825492306666,-3.693012628671847"
4.7,913,Human,0,44,46,218,-4.7,"-4.7,-3.453923823584213,-3.6159286255049814,-3.4763127791664457"
12.9,915,Human,2,60,83,1222,-12.9,"-3.362941714973913,-3.3309033218628894,-5.700000000000001,-3.3883796799367163"
74.71666666666667,917,Human,3,30,83,1652,-74.71666666666667,"-3.793825527249336,-3.8028008092267775,-3.819263492212139,-25.26886826666667"
69.28333333333333,919,Human,3,487,345,1262,-69.28333333333333,"-1.4485521606228462,-1.4752620238337892,-1.4493524807508975,-20.016666666666666"
9.3,920,Human,0,394,346,72,-9.3,"-9.333333333333334,-7.156662676741077,-7.079293485724135,-7.13284458218864"
6.883333333333334,924,Human,3,490,347,58,-6.883333333333334,"-4.392154817989424,-4.389535076015227,-4.423667423031442,-6.883333333333335"
5.633333333333334,925,Human,2,491,97,184,-5.633333333333334,"-4.3300540769921465,-4.332673818966344,-5.616666666666666,-4.242136116431393"
1.8,927,Human,2,74,349,79,-1.8,"-1.0936452820869165,-0.8926177757631237,-1.8000000000000003,-0.9026397888168946"
3.3833333333333333,928,Human,3,492,350,1279,-3.3833333333333333,"-0.444060475161987,-0.6702303815694745,-0.4911087113030957,-3.333333333333334"
3.183333333333333,929,Human,1,493,175,224,-3.183333333333333,"-1.5430721581877411,-3.1833333333333336,-1.7289823321925482,-2.0698990588544155"
1.65,932,Human,3,496,2,836,-1.65,"-0.7358402828373971,-0.7780200633169033,-0.7625501460483401,-1.666666666666667"
3.816666666666667,934,Human,3,497,2,1525,-3.816666666666667,"-0.5205682272909163,-1.687270790245544,-0.5894757903161264,-3.7333333333333334"
1.05,936,Human,1,499,315,105,-1.05,"-0.3855248939028454,-1.05,-0.7558632668330111,-0.8286374448987658"
5.883333333333334,937,Human,2,500,106,1182,-5.883333333333334,"-2.8781273655144624,-3.335446779961307,-5.883333333333334,-3.3895444034875144"
4.066666666666666,938,Human,2,501,148,394,-4.066666666666666,"-2.0849788173983117,-2.085458779001383,-4.083333333333333,-3.1780363679478856"
3.0,942,Human,2,50,353,360,-3.0,"-1.358790341190472,-1.4727359194217644,-3.0000000000000004,-1.3592703027935438"
3.0,943,Human,3,504,351,233,-3.0,"-2.575113263812057,-2.081884793518252,-3.163636208979144,-17.183333333333334"
3.9,944,Human,1,106,335,429,-3.9,"-2.374413199152596,-3.9000000000000004,-2.4052387331098792,-2.3750732003578996"
6.95,947,Human,3,394,115,923,-6.95,"-4.591890783048503,-4.782907189611128,-5.103307821021554,-7.000000000000001"
3.85,948,Human,3,495,2,246,-3.85,"-1.0144126188992515,-1.8432204670692076,-1.2099369769506076,-3.866666666666667"
1.65,949,Human,1,50,347,1182,-1.65,"-0.7570065031052019,-1.6333333333333333,-1.049803621952741,-0.8709520813364945"
2.15,951,Human,3,330,347,1793,-2.15,"-0.995235444789867,-1.1091810230211596,-1.3927944683993103,-2.366666666666667"
3.0,952,Human,2,487,355,604,-3.0,"-1.7895885751886722,-1.2963601048948674,-31.800051200000002,-1.7741186579201087"
3.0,953,Human,3,466,97,235,-3.0,"-1.8544865372354848,-1.878136645226845,-1.4446022901601243,-3.0000000000000004"
2.95,956,Human,2,502,51,1390,-2.95,"-1.6537876921827048,-1.6665057239598502,-2.966666666666667,-1.8742340564735611"
4.316666666666666,957,Human,2,12,148,279,-4.316666666666666,"-2.196160295028961,-2.7075773330020136,-4.3,-2.9828671791258476"
1.7,958,Human,3,72,350,1202,-1.7,"-0.5890425428630776,-0.7800589494257025,-0.70298812109437,-2.1333333333333333"
4.633333333333334,959,Human,3,505,342,1412,-4.633333333333334,"-3.5726578176266903,-3.659312479491436,-3.5731377792297625,-4.566666666666666"
1.9166666666666667,963,Human,3,12,356,1633,-1.9166666666666667,"-0.968225864859983,-0.9809438966371288,-1.0849275779426242,-1.9000000000000001"
2.5833333333333335,964,Human,3,396,332,207,-2.5833333333333335,"-0.9056647122906428,-1.0110642803252,-1.3166606063286033,-2.5833333333333335"
1.5833333333333333,967,Human,2,12,356,385,-1.5833333333333333,"-0.968225864859983,-0.9809438966371288,-1.5666666666666669,-1.0722095461654784"
5.816666666666666,968,Human,3,2,19,1120,-5.816666666666666,"-2.9315983291338923,-2.7483988057433786,-4.088284144570354,-5.833333333333334"
6.033333333333333,969,Human,0,506,342,1410,-6.033333333333333,"-2.733333333333334,-1.2787439237754137,-1.4521203499576154,-1.3841434918099706"
3.0,970,Human,2,37,19,1745,-3.0,"-2.328741606891359,-2.32922156849443,-13.366666666666669,-2.610733544884938"
2.1666666666666665,971,Human,3,241,356,1298,-2.1666666666666665,"-1.5560139246483329,-1.543295892871187,-1.6472795741766826,-2.45"
3.033333333333333,972,Human,3,74,356,1612,-3.033333333333333,"-0.6829973602111831,-1.4774298056155504,-1.0781497480201585,-2.9"
1.05,975,Human,2,508,358,1674,-1.05,"-0.3850611951043916,-0.4890448764098871,-1.1,-0.5067194624430045"
3.0,976,Human,2,509,356,1144,-3.0,"-1.1992314586061732,-1.6869665526437885,-3.0000000000000004,-1.4180819505668163"
2.466666666666667,977,Human,2,50,356,59,-2.466666666666667,"-1.5663017402785446,-1.5535837085013993,-2.466666666666667,-1.733868334950971"
2.466666666666667,978,Human,1,510,51,1475,-2.466666666666667,"-1.605094031853202,-2.466666666666667,-1.8239445238138452,-1.8112264920366992"
2.7333333333333334,979,Human,2,394,359,33,-2.7333333333333334,"-1.5086340367680549,-1.7915064444348698,-2.733333333333334,-1.981085875919487"
3.8666666666666667,982,Human,3,115,360,783,-3.8666666666666667,"-1.8045386044986744,-1.8301368207470168,-1.9955550110612996,-3.433333333333333"
2.15,983,Human,1,481,361,1266,-2.15,"-1.0410063809541097,-2.166666666666667,-1.044107621450308,-1.5574882796891258"
2.3,985,Human,1,72,362,419,-2.3,"-0.9771408347356222,-2.083333333333334,-0.977620796338694,-1.008050361973443"
3.25,989,Human,2,224,347,317,-3.25,"-1.0719080576795152,-1.73589365191721,-3.2333333333333334,-1.1800794039718117"
11.566666666666666,990,Human,3,130,347,1101,-11.566666666666666,"-1.535033106115016,-2.034273095487295,-1.640432674149573,-3.983333333333334"
4.2,993,Human,3,515,356,824,-4.2,"-2.6276939285433385,-2.6149758967661927,-2.7316776098488345,-4.116666666666666"
2.3666666666666667,994,Human,2,396,97,146,-2.3666666666666667,"-2.0914207479662523,-1.6815365008908922,-2.366666666666667,-1.7071347171392346"
3.9833333333333334,996,Human,3,516,347,296,-3.9833333333333334,"-2.4832220433169665,-2.5644075484765536,-2.591393389609263,-3.983333333333334"
12.45,998,Human,3,130,347,1018,-12.45,"-1.535033106115016,-2.034273095487295,-1.640432674149573,-3.95"
5.0,999,Human,1,464,363,168,-5.0,"-2.938583263056621,-5.0,-2.297031253105994,-2.3226294693543363"
