travel_time,id,kind,action,origin,destination,start_time,reward,cost_table
3.25,0,Human,2,0,0,153,-3.25,"-1.2400368210639188,-1.5405220259450072,-3.25,-1.2837943240651193"
1.1833333333333333,1,Human,2,1,1,835,-1.1833333333333333,"-0.537847435590507,-0.5863715536610614,-1.1833333333333336,-0.623001497215157"
3.033333333333333,2,Human,3,2,2,98,-3.033333333333333,"-1.450002391165249,-1.522776569231004,-1.6673693379439607,-3.033333333333333"
2.566666666666667,3,Human,3,3,3,285,-2.566666666666667,"-1.4581411542882148,-1.159071274298056,-1.5354509695029976,-2.5666666666666673"
2.6666666666666665,4,Human,1,4,4,1450,-2.6666666666666665,"-1.0060115190784735,-2.666666666666667,-0.91227501799856,-1.8976947438442624"
5.866666666666666,5,Human,2,5,5,1280,-5.866666666666666,"-3.436412512896629,-3.4415121049292665,-5.866666666666667,-3.624365422658448"
15.733333333333333,6,Human,3,6,6,658,-15.733333333333333,"-7.607296846572668,-8.59195520429392,-7.795189993338747,-15.733333333333333"
1.45,7,Human,3,7,3,229,-1.45,"-0.8176692507263685,-0.983351996106738,-0.8905874172730448,-1.45"
4.3,8,Human,0,8,3,825,-4.3,"-4.3,-2.52998409044413,-2.137639478013125,-3.1066687257611982"
7.516666666666667,9,Human,3,9,7,569,-7.516666666666667,"-4.120164107990939,-4.099782925488239,-4.321867971681844,-7.5166666666666675"
1.6833333333333333,10,Human,3,10,8,299,-1.6833333333333333,"-0.3500959923206143,-0.5200116907814241,-0.6444297373376996,-1.6833333333333333"
3.7,11,Human,0,11,9,31,-3.7,"-3.7000000000000006,-2.444057849740924,-2.464918993846695,-2.625058182711586"
14.283333333333333,12,Human,3,12,10,419,-14.283333333333333,"-3.0049606521036325,-2.98189754097005,-3.0139359340810743,-14.283333333333335"
3.183333333333333,13,Human,1,13,11,140,-3.183333333333333,"-1.939212229168125,-3.1833333333333336,-1.8591072714182864,-1.773901454030136"
1.3833333333333333,14,Human,3,14,12,1107,-1.3833333333333333,"-0.3008399328053756,-0.4946244300455963,-0.495104391648668,-1.3833333333333333"
10.533333333333333,15,Human,1,15,13,994,-10.533333333333333,"-6.585120579913173,-10.533333333333335,-7.196987630549122,-6.7768114390638825"
1.0333333333333334,16,Human,0,16,4,971,-1.0333333333333334,"-1.0333333333333334,-0.5404367650587953,-0.5409167266618671,-0.5417806575473962"
6.216666666666667,17,Human,0,17,14,1446,-6.216666666666667,"-6.216666666666667,-3.972041033563355,-4.334280000440605,-3.943792333963373"
11.2,18,Human,1,18,15,1166,-11.2,"-8.119127937881434,-11.2,-8.346475150594767,-8.119607899484505"
4.416666666666667,19,Human,3,19,16,1784,-4.416666666666667,"-1.8124336127539569,-1.8380318290022992,-2.029800559532668,-4.416665813322411"
17.033333333333335,20,Human,0,20,17,640,-17.033333333333335,"-17.033333333333335,-7.230014798774279,-7.255452763737083,-7.640523152350598"
3.8333333333333335,21,Human,3,21,18,333,-3.8333333333333335,"-2.0529713946126726,-2.064334485565397,-2.2961919369692847,-3.8333333333333335"
6.466666666666667,22,Human,2,22,19,52,-6.466666666666667,"-3.447854820887017,-3.324039726139059,-6.466666666666667,-3.637679634901895"
6.966666666666667,23,Human,0,23,5,1768,-6.966666666666667,"-6.966654719847083,-4.766894968692983,-4.7779100874834795,-4.820446065157487"
8.216666666666667,24,Human,1,24,20,1448,-8.216666666666667,"-5.729481726466351,-8.216664959978155,-5.849261920761491,-5.602424510491407"
2.566666666666667,25,Human,2,25,21,337,-2.566666666666667,"-0.2655987520998319,-0.6587473002159826,-2.5666666666666673,-1.1871730261579074"
7.95,26,Human,2,26,22,1240,-7.95,"-5.649928050775564,-5.874943344400166,-7.95,-5.6754182468539955"
1.8666666666666667,27,Human,1,27,23,911,-1.8666666666666667,"-0.7623110151187905,-1.8666666666666667,-0.787197024238061,-0.9945404367650588"
10.7,28,Human,0,28,24,1685,-10.7,"-10.699999146644823,-6.513371956130661,-6.956241561665728,-6.912810193438093"
9.266666666666667,29,Human,0,29,25,167,-9.266666666666667,"-9.266666666666667,-7.371903534692466,-6.8296464014576,-6.829646401457601"
8.3,30,Human,3,30,26,201,-8.3,"-5.13442016440369,-5.143395446381132,-5.182019204019538,-8.3"
6.083333333333333,31,Human,0,31,27,960,-6.083333333333333,"-6.083333333333334,-4.0376346744112315,-3.739578518903673,-3.7920623201995696"
4.7,32,Human,2,32,28,1052,-4.7,"-3.4567987598207037,-3.3688807992599497,-4.7,-3.5593825579187763"
4.883333333333334,33,Human,3,33,29,11,-4.883333333333334,"-1.656647583439423,-1.7531088461302446,-1.6683122493057698,-4.883333333333334"
6.8,34,Human,0,17,20,1118,-6.8,"-6.800000000000001,-4.068378367080724,-4.417337355852172,-4.194587229867651"
17.45,35,Human,0,34,30,742,-17.45,"-17.450000000000003,-7.049678776180653,-7.036908708677141,-7.1881768535973665"
17.8,36,Human,2,35,31,1491,-17.8,"-7.749388256008314,-7.8582918174328835,-17.800000000000004,-7.746768514034117"
2.9166666666666665,37,Human,2,36,32,346,-2.9166666666666665,"-1.0874803904576522,-1.1965276666755549,-2.916666666666667,-1.420549744909296"
17.4,38,Human,0,37,33,445,-17.4,"-17.4,-4.63800089968182,-4.784446285124507,-4.236467828082944"
3.35,39,Human,2,38,34,1717,-3.35,"-1.360122405329086,-1.360922725457137,-3.3500000000000005,-1.4358123501335012"
4.15,40,Human,0,39,35,219,-4.15,"-4.15,-3.1915082016316134,-3.5065893240733907,-3.6342027164425774"
5.566666666666666,41,Human,3,40,36,798,-5.566666666666666,"-3.891247528707025,-4.161987070023913,-3.888991709172587,-5.566666666666666"
1.2333333333333334,42,Human,3,41,37,324,-1.2333333333333334,"-0.2276937844972402,-0.3367410607151428,-0.5013318934485241,-1.2333333333333334"
1.5333333333333334,43,Human,2,42,38,984,-1.5333333333333334,"-0.7260619150467963,-0.7441564674826014,-1.5333333333333337,-0.7759539236861052"
6.6,44,Human,0,43,39,1282,-6.6,"-6.6000000000000005,-4.21996260075162,-3.968262060535845,-4.524038350168831"
4.716666666666667,45,Human,1,17,40,4,-4.716666666666667,"-2.9752324399882353,-4.716666666666667,-3.0253764284691567,-3.185239639412281"
6.7,46,Human,3,17,41,1237,-6.7,"-3.583299799401402,-3.536215566140063,-3.633443787882323,-6.700000000000001"
11.7,47,Human,0,24,42,1066,-11.7,"-11.7,-8.959748300636702,-8.840765819235212,-6.299220265598782"
1.95,48,Human,2,44,43,1308,-1.95,"-0.9663465386154462,-1.074749899959984,-1.9500000000000002,-1.2622448979591836"
3.683333333333333,49,Human,3,26,44,1788,-3.683333333333333,"-3.1574001378809258,-3.425698673998036,-3.5395730070285847,-3.6833333333333336"
6.983333333333333,50,Human,3,17,45,1461,-6.983333333333333,"-4.443179541396144,-4.396095308134805,-4.493323529877065,-6.983333333333333"
4.483333333333333,51,Human,2,45,46,1158,-4.483333333333333,"-2.203749273415462,-2.351649441402023,-4.483333333333334,-3.0230677279391"
4.35,52,Human,0,46,10,1645,-4.35,"-4.35,-3.5085144810868494,-3.5204992750044166,-3.622820203375765"
3.0,53,Human,0,47,47,1015,-3.0,"-3.0000000000000004,-3.2242295278039848,-3.2237055794091454,-3.0445682467341704"
5.733333333333333,54,Human,1,48,48,1615,-5.733333333333333,"-3.6161063390152,-5.73333418667759,-4.069217925333503,-4.036704920131423"
19.7,55,Human,1,49,49,535,-19.7,"-10.800559111983365,-19.7,-10.91195820005632,-10.773460122639609"
2.7,56,Human,3,2,50,1412,-2.7,"-1.4831156364633684,-1.5558898145291231,-1.7004825832420798,-2.7"
2.8333333333333335,57,Human,2,50,51,778,-2.8333333333333335,"-1.756978486138876,-1.7442604543617306,-2.833333333333334,-1.858206032593023"
18.016666666666666,58,Human,2,51,2,1416,-18.016666666666666,"-1.3266079938094748,-1.619405112657014,-18.016668373377026,-1.4820795560844928"
9.183333333333334,59,Human,0,41,52,646,-9.183333333333334,"-9.183333333333335,-6.638588075989599,-6.8317240056674455,-6.6808486951400665"
1.0,60,Human,2,52,53,487,-1.0,"-0.4652796755851368,-0.2935854111262935,-1.0,-0.3116799635620987"
4.283333333333333,61,Human,2,53,54,1578,-4.283333333333333,"-1.8485069388617668,-1.8803043950652705,-4.283333333333333,-2.0502108025526717"
5.733333333333333,62,Human,2,54,10,1662,-5.733333333333333,"-3.553173839730276,-3.702133423563809,-5.73333418667759,-3.5705407865089875"
29.833333333333332,63,Human,0,55,55,955,-29.833333333333332,"-29.833332479989078,-5.855176978285968,-5.918699896452515,-5.873055548000391"
5.216666666666667,64,Human,1,42,56,1196,-5.216666666666667,"-2.085325173986081,-5.216666666666667,-2.532562589237466,-2.131029517638589"
4.25,65,Human,3,56,32,888,-4.25,"-0.9580947413095842,-1.0381043405416457,-1.051579262547885,-4.25"
3.4,66,Human,2,43,36,254,-3.4,"-2.4001529193390816,-2.331463166255486,-3.4000000000000004,-2.4853069809637316"
2.7333333333333334,67,Human,3,57,57,1789,-2.7333333333333334,"-0.996583515516448,-1.01824142230547,-1.2505551977818663,-2.733333333333334"
2.1166666666666667,68,Human,3,58,58,20,-2.1166666666666667,"-0.974910007199424,-1.022789158860088,-1.3024627849699997,-2.1166666666666667"
6.1,69,Human,2,48,59,155,-6.1,"-3.6793916531408506,-3.7269906927566967,-6.1,-3.679871614743922"
7.833333333333333,70,Human,3,59,60,205,-7.833333333333333,"-5.460071852476376,-5.598569929893089,-5.544868449300852,-7.833333333333333"
9.516666666666667,71,Human,1,60,61,212,-9.516666666666667,"-5.389939555146698,-9.516666666666667,-5.800447908723015,-5.435643898799206"
2.9166666666666665,72,Human,3,37,62,1062,-2.9166666666666665,"-1.252632716153416,-1.294933399547946,-1.3343701771565355,-2.916666666666667"
6.566666666666666,73,Human,0,61,63,200,-6.566666666666666,"-6.566666666666667,-2.2682309859655674,-2.8279862055480005,-2.4180509139367556"
2.816666666666667,74,Human,2,62,64,1147,-2.816666666666667,"-0.6319127651060424,-0.9321128451380551,-2.816666666666667,-1.6817527010804325"
9.216666666666667,75,Human,0,40,65,1202,-9.216666666666667,"-9.216666666666669,-7.091769083665496,-6.690236012066619,-7.179687044226251"
1.0,76,Human,2,63,13,1158,-1.0,"-0.3296802514791622,-0.330160213082234,-1.0,-0.4501626128902493"
8.383333333333333,77,Human,1,64,66,1141,-8.383333333333333,"-5.407562866129654,-8.383333333333335,-5.433840763897832,-5.410862602150773"
4.3,78,Human,0,65,67,1553,-4.3,"-4.3,-2.075770993876046,-2.1012089588388485,-2.5027420304377253"
13.283333333333333,79,Human,1,66,67,1436,-13.283333333333333,"-4.031939555932235,-13.283332479901697,-9.036645071240548,-8.635111999641671"
12.316666666666666,80,Human,2,67,68,1467,-12.316666666666666,"-9.303856111128592,-9.34611673027906,-12.31666325332241,-9.442354188545306"
7.65,81,Human,0,68,51,548,-7.65,"-7.650000000000001,-4.67167244655775,-5.405363186059812,-5.174368500167057"
7.3,82,Human,2,69,2,763,-7.3,"-4.614220707118754,-4.859973046931569,-7.3,-4.769692269393772"
11.6,83,Human,3,70,0,1435,-11.6,"-7.470599525557,-7.385802928732524,-7.374138262866177,-11.59999743996723"
6.183333333333334,84,Human,2,57,0,803,-6.183333333333334,"-4.458276988271575,-4.522299919258225,-6.183333333333334,-4.361815725580755"
8.616666666666667,85,Human,1,71,69,370,-8.616666666666667,"-4.62628150585018,-8.616666666666667,-4.586384697594841,-4.774337607356662"
10.1,86,Human,3,71,60,1164,-10.1,"-5.966736130858713,-6.1052342082754265,-6.051532727683189,-10.100000000000001"
7.4,87,Human,0,72,46,1340,-7.4,"-7.400000000000001,-5.62936008397252,-5.822088665685984,-5.645822766957881"
6.816666666666666,88,Human,2,73,70,889,-6.816666666666666,"-5.414246091260284,-5.5506634515809425,-6.816666666666666,-5.443943528190419"
16.133333333333333,89,Human,2,74,71,1630,-16.133333333333333,"-2.418881932341809,-2.610572791492519,-16.133335039967232,-2.6681979870574315"
20.216666666666665,90,Human,2,75,72,1335,-20.216666666666665,"-6.790579471589904,-6.3775342535026684,-20.216665813333332,-6.791379791717955"
12.933333333333334,91,Human,3,76,23,1117,-12.933333333333334,"-9.638214159603562,-9.61816376363524,-9.564612667170737,-12.933333333333335"
4.133333333333334,92,Human,1,77,73,108,-4.133333333333334,"-2.741944048001599,-4.133333333333334,-2.847079637154467,-2.7445478396982628"
40.916666666666664,93,Human,0,78,51,1752,-40.916666666666664,"-40.91669141332241,-3.8823770338518058,-5.895064453134276,-5.303156487258263"
7.65,94,Human,3,57,20,941,-7.65,"-5.31450754384874,-5.356768162999207,-5.388013663359179,-7.650000000000001"
3.4833333333333334,95,Human,0,79,33,607,-3.4833333333333334,"-3.483333333333334,-2.2275914719208485,-2.374036857363536,-1.826058400321972"
15.016666666666667,96,Human,1,80,74,1183,-15.016666666666667,"-9.520143533224864,-15.016665813333336,-9.819125804319045,-9.616604795915684"
1.75,97,Human,1,81,75,1151,-1.75,"-0.3690650198164218,-1.7500000000000002,-0.4801494535899313,-0.8993520518358532"
1.3666666666666667,98,Human,3,82,76,184,-1.3666666666666667,"-0.5555723369261312,-0.7034725049126922,-0.5809623057286268,-1.366666666666667"
3.4,99,Human,3,83,77,595,-3.4,"-2.113384672758806,-2.3013375825206244,-2.3361347987433265,-3.4000000000000004"
10.616666666666667,100,Human,2,84,78,1310,-10.616666666666667,"-4.895797357173307,-4.921235322136109,-10.616666666666667,-5.0050606161125915"
2.783333333333333,101,Human,0,85,79,1680,-2.783333333333333,"-2.783333333333333,-2.0527703377967463,-2.1158492914804516,-2.3320959917444304"
2.9166666666666665,102,Human,2,86,78,318,-2.9166666666666665,"-1.367686585073194,-1.378341732661387,-2.916666666666667,-1.489648781292816"
3.6333333333333333,103,Human,2,87,80,214,-3.6333333333333333,"-1.865160794518472,-1.6181545820181724,-3.6333333333333333,-2.142317505869953"
5.383333333333334,104,Human,1,88,81,78,-5.383333333333334,"-3.299250888438246,-5.383333333333335,-3.5401436170199596,-3.5274606316587884"
4.166666666666667,105,Human,1,89,82,1588,-4.166666666666667,"-2.254840941754562,-4.166666666666668,-3.4433363399138255,-2.6251290570006596"
5.6,106,Human,0,90,58,1376,-5.6,"-5.6,-3.8106171972078138,-3.841290157536654,-3.585329861763248"
8.433333333333334,107,Human,1,91,82,1700,-8.433333333333334,"-6.532500576978147,-8.433334186666666,-6.396083216657488,-6.550211160131495"
8.35,108,Human,3,92,83,507,-8.35,"-6.038412431662535,-5.901995071341877,-5.989913031902631,-8.35"
6.583333333333333,109,Human,3,93,84,316,-6.583333333333333,"-4.400177245079653,-4.788728720385398,-4.774881828136778,-6.583333333333333"
6.433333333333334,110,Human,2,94,23,1081,-6.433333333333334,"-4.500375345685395,-4.441172081946494,-6.4333333333333345,-4.420848721316694"
7.916666666666667,111,Human,1,24,85,16,-7.916666666666667,"-5.700378563950342,-7.916666666666668,-5.714441438920344,-6.8042092010687"
1.9166666666666667,112,Human,3,17,86,397,-1.9166666666666667,"-0.917167947092444,-0.919843733029569,-0.9970095597634304,-1.9166666666666667"
4.266666666666667,113,Human,2,95,81,202,-4.266666666666667,"-2.75525983680304,-3.1093214614529,-4.266666666666667,-2.7874652603691548"
1.55,114,Human,1,96,87,1476,-1.55,"-0.5534813925570229,-1.5500000000000003,-0.7337134853941577,-0.9582633053221288"
7.116666666666666,115,Human,1,97,20,1744,-7.116666666666666,"-5.410115275782405,-7.116653013169493,-5.529895470077547,-5.572156089228014"
5.95,116,Human,3,98,1,889,-5.95,"-4.368002269989415,-4.214822524369066,-4.217498310306191,-5.950000000000001"
2.216666666666667,117,Human,2,99,6,764,-2.216666666666667,"-0.8343652507799376,-0.8766258699304056,-2.216666666666667,-0.783933285337173"
6.283333333333333,118,Human,2,100,88,1177,-6.283333333333333,"-3.399077011750443,-3.4311154048614667,-6.283333333333334,-3.005067741664608"
5.933333333333334,119,Human,1,101,89,1705,-5.933333333333334,"-3.6789324172865503,-5.933331626644822,-3.695860593371332,-3.5628903201021043"
7.033333333333333,120,Human,2,102,90,1180,-7.033333333333333,"-3.845218067739766,-3.57232013967005,-7.033333333333333,-3.5591195822692643"
5.233333333333333,121,Human,0,103,91,566,-5.233333333333333,"-5.233333333333333,-3.679124231111219,-3.973800219968216,-3.717667425166519"
3.033333333333333,122,Human,2,104,72,266,-3.033333333333333,"-1.520156903615293,-1.8027462964638656,-3.033333333333333,-1.7740925887604817"
5.4,123,Human,2,105,92,928,-5.4,"-2.547237480260838,-2.54771744186391,-5.4,-2.54771744186391"
3.15,124,Human,3,106,85,616,-3.15,"-1.4919366450683946,-1.3294934731054098,-1.5692464602831775,-3.15"
13.183333333333334,125,Human,2,107,93,1712,-13.183333333333334,"-0.7615310775137988,-0.816294696424286,-13.183327359912619,-0.9123110151187904"
8.35,126,Human,2,108,94,166,-8.35,"-3.7262665965163726,-3.751704561479176,-8.35,-3.9279704602072782"
1.3666666666666667,127,Human,2,109,95,339,-1.3666666666666667,"-0.2223422126229901,-0.5024598032157427,-1.366666666666667,-0.5493667413873846"
1.5666666666666667,128,Human,3,110,96,1239,-1.5666666666666667,"-0.2660789585812727,-0.4005402016818247,-0.5461965491740252,-1.5666666666666669"
7.15,129,Human,1,111,24,1173,-7.15,"-3.8985670989561743,-7.150000000000001,-3.8514828656948352,-4.004098656431576"
1.7666666666666666,130,Human,2,112,82,280,-1.7666666666666666,"-0.6307175425965923,-0.6200623950083993,-1.7666666666666666,-1.2159827213822894"
3.25,131,Human,1,92,89,267,-3.25,"-3.054042215303115,-3.25,-3.032947902848111,-3.045630888209282"
4.05,132,Human,2,113,5,1509,-4.05,"-2.1974156326470475,-2.4150661665989306,-4.050000000000001,-2.19231604061441"
3.05,133,Human,3,114,24,596,-3.05,"-2.3673170782913875,-2.505815155708099,-2.3000624586609577,-3.05"
38.516666666666666,134,Human,1,26,3,915,-38.516666666666666,"-8.204036139990967,-38.516666666655745,-8.258751503502626,-8.204516101594038"
2.15,135,Human,1,115,97,264,-2.15,"-1.3837082709253603,-2.15,-1.7273367806445832,-1.4976538491566531"
3.6,136,Human,0,74,3,848,-3.6,"-3.6000000000000005,-2.9773832035762,-2.4664221291260664,-2.957182868266935"
13.866666666666667,137,Human,2,116,93,1681,-13.866666666666667,"-6.196207698402587,-6.221706372654461,-13.866661546579286,-6.220977606365772"
9.266666666666667,138,Human,0,117,19,1378,-9.266666666666667,"-9.266666666666667,-6.2944592805041495,-6.17729235613901,-6.212053575241482"
4.55,139,Human,2,118,98,1149,-4.55,"-3.350180311816662,-3.3052012690836587,-4.550000000000001,-3.0448751470252753"
15.5,140,Human,2,119,99,1680,-15.5,"-1.974204498213972,-2.0679409992938855,-15.5,-2.022961956560882"
4.0,141,Human,1,120,81,796,-4.0,"-2.9946072599285265,-4.0,-3.434708051865172,-3.434708051865172"
5.066666666666666,142,Human,3,5,68,1396,-5.066666666666666,"-2.7350334767771427,-2.939649783731579,-2.8285179980154433,-5.066666666666667"
3.9,143,Human,2,121,100,423,-3.9,"-2.799726903000221,-2.8302764590357383,-3.9000000000000004,-2.672489082025898"
1.2833333333333334,144,Human,3,122,79,769,-1.2833333333333334,"-0.585569649025917,-0.5054646912760784,-0.5509773383795563,-1.2833333333333337"
1.35,145,Human,2,123,101,1669,-1.35,"-0.4235593013303234,-0.4159639089617128,-1.35,-0.5049367911311392"
3.0,146,Human,3,124,102,1726,-3.0,"-2.7867050635949124,-2.870842332613391,-2.444780601170268,-3.0000000000000004"
9.316666666666666,147,Human,1,125,46,528,-9.316666666666666,"-6.435309715005554,-9.316666666666666,-6.68106205481837,-6.5845417764406395"
4.716666666666667,148,Human,2,126,35,419,-4.716666666666667,"-3.148859396496186,-3.1462396545219886,-4.716666666666667,-3.1493393580992577"
4.116666666666666,149,Human,1,127,103,228,-4.116666666666666,"-1.9370631675404344,-4.116666666666666,-2.165236913640746,-2.0812780976440557"
2.3666666666666667,150,Human,3,128,79,1520,-2.3666666666666667,"-1.3094062967159508,-1.2469642428605712,-1.3529874440777028,-2.366666666666667"
1.8833333333333333,151,Human,3,129,104,1149,-1.8833333333333333,"-0.8522736236906627,-1.0444204463642908,-0.8527295872135809,-1.8833333333333335"
9.45,152,Human,2,130,105,1129,-9.45,"-5.500565113236742,-5.620345307531882,-9.45,-5.458304494086274"
11.0,153,Human,0,131,106,775,-11.0,"-11.000000000000002,-3.956943048578363,-7.694783388220499,-7.681128480613107"
3.6,154,Human,0,132,21,172,-3.6,"-3.6000000000000005,-2.193411576293584,-1.8883988296542515,-1.6738051448081033"
4.533333333333333,155,Human,3,133,107,212,-4.533333333333333,"-1.4076313894888408,-1.3962443004559633,-1.511531077513799,-4.533333333333333"
3.3666666666666667,156,Human,1,93,108,861,-3.3666666666666667,"-2.106278839829669,-3.3666666666666667,-2.146595614487696,-2.1736174527406353"
38.31666666666667,157,Human,3,134,92,1730,-38.31666666666667,"-3.1475710622177395,-3.0714860997950453,-3.0576392075464245,-38.31669226665575"
2.683333333333333,158,Human,0,135,109,581,-2.683333333333333,"-2.683333333333333,-1.400713676360389,-1.4694081808000337,-1.6336510413711884"
3.5,159,Human,3,136,110,939,-3.5,"-1.7870035288890551,-1.789637291185371,-1.3912513401496107,-3.5000000000000004"
5.65,160,Human,2,28,111,1539,-5.65,"-1.9603717080395824,-2.3309140646510547,-5.65,-2.100676483657533"
2.566666666666667,161,Human,0,136,112,560,-2.566666666666667,"-2.5666666666666673,-1.7528797696184306,-1.7528797696184306,-1.7528797696184306"
10.866666666666667,162,Human,0,137,113,1721,-10.866666666666667,"-10.866665813311489,-7.909914350266649,-7.997832310827404,-8.100416108925476"
2.3833333333333333,163,Human,3,138,114,1085,-2.3833333333333333,"-1.1658687756254844,-1.1843442084819449,-1.1980861982316755,-2.3833333333333337"
3.216666666666667,164,Human,2,139,0,1565,-3.216666666666667,"-1.718601547125543,-1.7303936442618226,-3.2166666666666672,-1.4744961430646186"
5.4,165,Human,1,140,115,1561,-5.4,"-2.847415358979809,-5.4,-2.8478953205828805,-2.878240892937092"
2.7333333333333334,166,Human,2,141,93,262,-2.7333333333333334,"-1.9677561881484056,-2.026239509482699,-2.733333333333334,-1.9454029271895945"
1.4333333333333333,167,Human,3,142,21,985,-1.4333333333333333,"-0.2576433885289176,-0.3518358531317495,-0.3160307175425966,-1.4333333333333333"
5.383333333333334,168,Human,2,143,84,57,-5.383333333333334,"-3.531038776157168,-3.611143733907006,-5.383333333333335,-3.5362463595504963"
1.4166666666666667,169,Human,2,144,79,1768,-1.4166666666666667,"-0.8353138087488414,-0.7552088509990028,-1.416666666666667,-0.8007095854900634"
5.2,170,Human,2,145,116,1743,-5.2,"-2.755675194949301,-2.18970728680241,-5.2000017066885125,-2.142623053541071"
10.416666666666666,171,Human,3,125,117,843,-10.416666666666666,"-6.536619559812928,-6.782371899625745,-6.5620575247757325,-10.416666666666668"
2.933333333333333,172,Human,3,139,118,629,-2.933333333333333,"-1.432957888548772,-1.678710228361587,-1.7405412818773054,-2.9333333333333336"
2.6333333333333333,173,Human,3,146,119,1004,-2.6333333333333333,"-0.6248262515236404,-0.6274600138199564,-0.8787619366688287,-2.6333333333333337"
14.416666666666666,174,Human,0,63,73,1681,-14.416666666666666,"-14.4166666666339,-9.674638143724591,-9.759434740549068,-9.63564955425506"
3.716666666666667,175,Human,2,147,120,1649,-3.716666666666667,"-1.9492198022829872,-2.124529926332608,-3.7166666666666672,-2.1514206826351283"
11.55,176,Human,0,148,110,1028,-11.55,"-11.55,-7.50235456971116,-7.590272530271915,-7.636152188057621"
5.816666666666666,177,Human,0,149,121,140,-5.816666666666666,"-5.816666666666666,-3.720180913552998,-3.7288562735296007,-3.7507065255094423"
2.9,178,Human,3,91,122,565,-2.9,"-1.4494453360897994,-1.467155919243147,-1.6399470947486263,-2.9"
11.466666666666667,179,Human,2,150,72,1225,-11.466666666666667,"-7.37684617942246,-7.374226437448263,-11.466666666666667,-7.377326141025531"
3.95,180,Human,3,151,123,556,-3.95,"-2.128803254097615,-1.9409101073315345,-2.1291031760984542,-3.95"
14.066666666666666,181,Human,0,152,124,1639,-14.066666666666666,"-14.066667520010924,-3.2974942386510397,-3.096370931138113,-3.417849030509656"
3.4833333333333334,182,Human,3,153,125,1113,-3.4833333333333334,"-1.8916222212427087,-2.254749171086721,-1.9086829404187875,-3.483333333333334"
2.5166666666666666,183,Human,1,154,99,1713,-2.5166666666666666,"-1.538740708666476,-2.5166666666666666,-1.7867368689736514,-1.7530195663578607"
15.516666666666667,184,Human,1,155,20,684,-15.516666666666667,"-9.019630657088085,-15.516666666666667,-9.314139302879012,-9.189374234864768"
5.0,185,Human,3,156,106,133,-5.0,"-3.032698999783721,-3.512077644645749,-3.9693970590925938,-5.0"
1.5333333333333334,186,Human,3,86,126,376,-1.5333333333333334,"-0.7403935512289868,-0.8522182811209434,-0.8623557474486088,-1.5333333333333334"
1.7,187,Human,1,94,127,976,-1.7,"-0.7446002591101235,-1.7000000000000002,-0.7654990866036839,-0.763358230261147"
3.25,188,Human,3,157,128,518,-3.25,"-2.0033569256905492,-1.6018238540916725,-2.257328607955968,-3.25"
3.2,189,Human,1,71,96,109,-3.2,"-1.3241063970377187,-3.2000000000000006,-1.303876015468244,-1.42893001114859"
7.683333333333334,190,Human,3,158,51,55,-7.683333333333334,"-4.650192864659717,-4.730202463891776,-4.805899111863644,-7.6833333333333345"
15.4,191,Human,1,45,129,381,-15.4,"-4.379645873409457,-15.4,-4.566647073529469,-5.436627467679726"
2.9833333333333334,192,Human,1,64,130,238,-2.9833333333333334,"-1.2740335097114417,-2.9833333333333334,-1.253803128141967,-1.6058662428046793"
1.35,193,Human,2,59,131,174,-1.35,"-0.264086873050156,-0.3696184305255579,-1.35,-0.4910607151427885"
4.233333333333333,194,Human,0,159,132,534,-4.233333333333333,"-4.233333333333333,-3.067413070339727,-3.422656650853286,-3.3859155901381435"
4.766666666666667,195,Human,3,158,128,587,-4.766666666666667,"-2.68398128149748,-2.9379529637628985,-2.789512838972882,-4.766666666666667"
2.4833333333333334,196,Human,0,17,133,425,-2.4833333333333334,"-2.4833333333333334,-1.6431750093846031,-1.7404032311268636,-1.998418589898162"
1.7666666666666666,197,Human,2,160,128,1017,-1.7666666666666666,"-0.5600191984641228,-0.6241780657547396,-1.7666666666666666,-0.7290016798656107"
2.1666666666666665,198,Human,3,71,134,722,-2.1666666666666665,"-0.7304943719748521,-0.9574682140674848,-0.9604663607703704,-2.166666666666667"
1.4333333333333333,199,Human,3,161,94,1322,-1.4333333333333333,"-0.4131795266702793,-0.4105037407331543,-0.6374775828257868,-1.4333333333333333"
3.3333333333333335,200,Human,3,17,133,288,-3.3333333333333335,"-1.6902592426459422,-1.6431750093846031,-1.7404032311268636,-3.333333333333334"
2.65,201,Human,3,162,128,526,-2.65,"-0.6930885529157667,-1.0434965202783777,-0.7572474202063835,-2.6500000000000004"
2.35,202,Human,3,17,67,416,-2.35,"-1.1610415800589495,-1.1139573467976105,-1.211185568539871,-2.35"
2.783333333333333,203,Human,2,163,128,1316,-2.783333333333333,"-1.3784377249820017,-1.4839692824574031,-2.783333333333333,-1.8368730501559876"
3.0,204,Human,3,164,128,640,-3.0,"-0.9988673057370532,-0.9996676258651044,-1.104398863212455,-3.0000000000000004"
3.3,205,Human,2,165,135,1786,-3.3,"-1.8475005938859912,-2.1045920265713765,-3.3000000000000003,-2.2183909226596894"
3.466666666666667,206,Human,3,166,136,1593,-3.466666666666667,"-2.327013301645104,-2.2677696041661126,-2.6006514105963876,-3.466666666666667"
4.966666666666667,207,Human,2,71,87,1324,-4.966666666666667,"-2.756534888364212,-2.9127863882442218,-4.966666666666667,-2.958238752055117"
3.25,208,Human,3,56,128,1072,-3.25,"-1.378221742260619,-1.483753299736021,-1.632193424526038,-3.25"
1.2666666666666666,209,Human,0,111,82,685,-1.2666666666666666,"-1.2666666666666668,-0.7818191927598973,-0.6971450927383191,-0.6974654512632986"
1.2833333333333334,210,Human,1,167,137,1585,-1.2833333333333334,"-0.456225456345245,-1.2833333333333337,-0.6135884015233162,-0.6390185735921436"
3.433333333333333,211,Human,1,158,82,1460,-3.433333333333333,"-2.549112071034318,-3.4333333333333336,-2.6262778977681793,-3.125749940004801"
2.966666666666667,212,Human,2,17,46,706,-2.966666666666667,"-2.5295439803159576,-2.529112014873194,-2.966666666666667,-2.522452547630573"
3.4833333333333334,213,Human,2,24,138,658,-3.4833333333333334,"-1.460926315271339,-1.41384208201,-3.483333333333334,-1.5110703037522604"
2.0166666666666666,214,Human,1,168,128,166,-2.0166666666666666,"-1.1336693064554837,-2.0166666666666666,-1.2135109191264697,-1.360643148548116"
5.683333333333334,215,Human,1,54,61,1208,-5.683333333333334,"-3.377489800815935,-5.683333333333334,-3.4709743220542357,-3.472990160787137"
3.3333333333333335,216,Human,3,5,128,187,-3.3333333333333335,"-1.7420086393088554,-1.9959803215742744,-1.8475401967842573,-3.333333333333334"
3.5166666666666666,217,Human,2,17,81,1087,-3.5166666666666666,"-2.6923110784990745,-2.645226845237735,-3.5166666666666666,-2.742455066979996"
3.75,218,Human,2,169,1,186,-3.75,"-1.9599187108031455,-2.1161702106831557,-3.75,-1.892544100771948"
5.166666666666667,219,Human,0,17,139,743,-5.166666666666667,"-5.166666666666668,-2.9419991034570785,-3.124612494385804,-3.2218407161280647"
7.216666666666667,220,Human,2,170,140,841,-7.216666666666667,"-4.1208353885551,-4.073751155293761,-7.216666666666667,-4.330842587979146"
2.7333333333333334,221,Human,3,24,67,1747,-2.7333333333333334,"-0.9881599445041696,-1.0098178512931917,-2.41522848206818,-2.733333333333334"
1.8166666666666667,222,Human,1,170,138,12,-1.8166666666666667,"-0.9849351259582304,-1.8166666666666667,-0.9378508926968916,-1.2799315262462074"
3.7333333333333334,223,Human,3,71,141,901,-3.7333333333333334,"-2.3500322873237964,-2.3818297435273,-2.5800042761193147,-3.7333333333333334"
2.3,224,Human,3,164,128,756,-2.3,"-0.9988673057370532,-0.9996676258651044,-1.104398863212455,-2.3"
1.35,225,Human,3,167,137,604,-1.35,"-0.456225456345245,-0.5413795179698948,-0.6135884015233162,-1.35"
5.766666666666667,226,Human,1,171,56,1014,-5.766666666666667,"-3.634969464208056,-5.766666666666667,-3.898785110692496,-3.5878852309467173"
1.35,227,Human,0,111,33,1771,-1.35,"-1.35,-0.9023166790114174,-0.9031169991394684,-1.0345549738974062"
1.0833333333333333,228,Human,3,172,137,91,-1.0833333333333333,"-0.2333733493397359,-0.2341736694677871,-0.3185274109643857,-1.0833333333333335"
1.65,229,Human,3,17,142,1641,-1.65,"-0.6627309815214782,-0.7425725941924646,-0.8897048236141109,-1.6500000000000001"
5.0,230,Human,1,111,56,1477,-5.0,"-2.909698551846945,-5.0,-2.862614318585606,-3.8999804651836985"
7.0,231,Human,0,17,20,1287,-7.0,"-7.000000000000001,-4.068378367080724,-4.417337355852172,-4.194587229867651"
7.333333333333333,232,Human,0,173,128,1388,-7.333333333333333,"-7.333333333333334,-4.930551194593481,-4.37697755196686,-4.542085077638234"
2.6,233,Human,2,15,67,1791,-2.6,"-1.0685289810668688,-1.0214447478055295,-2.6000008533442562,-1.1740605385422709"
7.666666666666667,234,Human,3,174,143,352,-7.666666666666667,"-1.99752376112432,-1.950439527862981,-4.212475484789813,-7.666666666666667"
3.3666666666666667,235,Human,3,71,144,1083,-3.3666666666666667,"-1.466247650968235,-1.5717792084436368,-1.419163417706896,-3.3666666666666667"
1.9,236,Human,2,17,142,1453,-1.9,"-0.6627309815214782,-0.7425725941924646,-1.9000000000000001,-0.848836093112551"
2.45,237,Human,3,169,22,853,-2.45,"-0.5275449731039754,-0.9130021365309016,-0.5283452932320267,-2.45"
5.066666666666666,238,Human,2,24,82,1674,-5.066666666666666,"-1.4871042611820573,-0.8746492575823456,-5.066665813322411,-1.562794205986473"
6.216666666666667,239,Human,3,175,145,69,-6.216666666666667,"-4.9050210659887385,-4.907696851925864,-5.0526932522138415,-6.216666666666667"
3.85,240,Human,3,17,95,381,-3.85,"-1.0386681756728586,-1.8820699247940709,-1.1700096683534442,-3.85"
4.15,241,Human,0,176,128,67,-4.15,"-4.15,-1.1156674476846176,-2.4497222625505923,-1.1133835247561947"
3.5166666666666666,242,Human,0,177,33,739,-3.5166666666666666,"-3.5166666666666666,-1.8367707630208312,-2.2383038346197073,-2.384749220062395"
4.033333333333333,243,Human,3,17,95,481,-4.033333333333333,"-1.0386681756728586,-1.8820699247940709,-1.1700096683534442,-4.033333333333333"
19.366666666666667,244,Human,0,178,128,447,-19.366666666666667,"-19.366666666666667,-8.218735701102094,-8.227710983079536,-8.645706737663774"
2.933333333333333,245,Human,2,17,130,1000,-2.933333333333333,"-1.152839286881921,-1.9962410360031333,-2.9333333333333336,-1.379813128974554"
2.6166666666666667,246,Human,1,17,130,88,-2.6166666666666667,"-1.152839286881921,-2.6166666666666667,-2.06039990329375,-1.379813128974554"
5.416666666666667,247,Human,0,179,20,478,-5.416666666666667,"-5.416666666666668,-3.3856214837419865,-3.6032720176938704,-3.380521891709349"
7.133333333333334,248,Human,2,180,20,197,-7.133333333333334,"-5.077042464224378,-5.119303083374844,-7.133333333333334,-5.193084561408823"
5.0,249,Human,1,181,138,501,-5.0,"-2.569825378289218,-5.0,-2.359945795939873,-1.9584127243409963"
5.566666666666666,250,Human,3,182,138,1458,-5.566666666666666,"-2.2358278406223966,-1.83429476902352,-2.152713295541399,-5.566666666666666"
3.05,251,Human,1,17,130,1337,-3.05,"-1.152839286881921,-3.05,-2.06039990329375,-1.379813128974554"
5.233333333333333,252,Human,2,183,146,829,-5.233333333333333,"-2.2516843096996686,-2.2651592317059084,-5.233333333333333,-2.2771222746624717"
2.2333333333333334,253,Human,1,184,116,1719,-2.2333333333333334,"-1.0849804437621882,-2.2333333333333334,-1.1066383505512103,-1.3227332550356818"
7.616666666666666,254,Human,3,185,20,884,-7.616666666666666,"-4.920329475048601,-4.386900542533396,-4.198947632771577,-7.616666666666667"
2.466666666666667,255,Human,3,186,138,184,-2.466666666666667,"-1.270861520454924,-1.223777287193585,-1.3210055089358457,-2.466666666666667"
4.033333333333333,256,Human,2,186,17,1280,-4.033333333333333,"-1.1609101244897708,-1.4690694717419903,-4.033333333333333,-1.1993790469759718"
4.016666666666667,257,Human,2,71,147,1357,-4.016666666666667,"-1.407780664461609,-1.5640321643416188,-4.016666666666667,-1.9930458432473064"
2.5166666666666666,258,Human,2,187,96,1139,-2.5166666666666666,"-0.8123592561574664,-1.197816419584392,-2.5166666666666666,-0.9468204992580184"
1.95,259,Human,1,111,142,272,-1.95,"-0.710895992666325,-1.9500000000000002,-0.6906656110968505,-0.815719606777196"
1.7833333333333334,260,Human,3,188,116,567,-1.7833333333333334,"-0.8720572327211122,-0.8937151395101344,-1.1260289149865308,-1.7833333333333334"
2.066666666666667,261,Human,2,71,142,645,-2.066666666666667,"-0.8857859486487181,-0.8655555670792435,-2.066666666666667,-1.0718910602397909"
2.716666666666667,262,Human,3,182,22,316,-2.716666666666667,"-1.6768737145469037,-1.70785505367916,-1.9369649072514872,-2.716666666666667"
6.233333333333333,263,Human,2,189,148,1346,-6.233333333333333,"-3.79889858390588,-3.8243972581577546,-6.233333333333334,-4.772512694777009"
2.35,264,Human,2,190,22,989,-2.35,"-0.6801315054459508,-0.6599011238764765,-2.35,-0.7888788056619336"
4.15,265,Human,3,166,149,940,-4.15,"-2.1867675651974245,-2.1275238677184327,-2.0804396344570937,-4.15"
2.1,266,Human,1,191,144,869,-2.1,"-1.2300062726682646,-2.1000000000000005,-1.6008966014419626,-1.6154634360951905"
3.85,267,Human,0,162,150,577,-3.85,"-3.85,-2.140826675633475,-2.400917868338059,-2.9189411035500705"
3.2333333333333334,268,Human,3,24,147,1503,-3.2333333333333334,"-1.825477666699772,-1.243884194177574,-1.244684514305625,-3.2333333333333334"
7.833333333333333,269,Human,0,168,20,751,-7.833333333333333,"-7.833333333333333,-5.474625131396093,-4.793140097374406,-4.941196198880886"
2.9833333333333334,270,Human,1,64,130,1277,-2.9833333333333334,"-1.2740335097114417,-2.9833333333333334,-1.253803128141967,-1.6058662428046793"
2.5833333333333335,271,Human,2,192,151,1222,-2.5833333333333335,"-1.069018694590867,-1.4544758580177928,-2.5833333333333335,-1.342656803542151"
3.4833333333333334,272,Human,1,193,152,1338,-3.4833333333333334,"-0.8886769826721183,-3.483333333333334,-0.9516959411554397,-0.9027398576421208"
4.533333333333333,273,Human,1,109,153,1450,-4.533333333333333,"-2.7058817350464404,-4.533333333333334,-2.8548413188799735,-2.5397601964381966"
2.8833333333333333,274,Human,2,194,142,177,-2.8833333333333333,"-1.3551031694293938,-1.3710287684687794,-2.8833333333333333,-1.3559034895574449"
3.5,275,Human,2,164,63,1077,-3.5,"-1.2383801447099352,-1.2707535548371252,-3.5000000000000004,-1.4923518269753535"
4.1,276,Human,0,182,36,1565,-4.1,"-4.1,-1.3175305975521956,-1.76476801280358,-1.3632349412047036"
6.166666666666667,277,Human,3,195,130,135,-6.166666666666667,"-3.859539403201235,-4.007211589426336,-3.975954090026288,-6.166666666666667"
3.966666666666667,278,Human,3,192,130,465,-3.966666666666667,"-1.119606892432999,-1.2288701513722835,-1.3932450013842828,-3.9666666666666672"
3.0166666666666666,279,Human,3,182,142,451,-3.0166666666666666,"-1.5510955847204593,-1.6141145432037804,-1.619970074761256,-3.016666666666667"
2.783333333333333,280,Human,2,24,141,668,-2.783333333333333,"-0.9723057401506318,-1.3359535462853247,-2.783333333333333,-1.0041031963541356"
7.7,281,Human,0,196,130,312,-7.7,"-7.7,-4.6388799476826215,-4.613441982719819,-4.705978997525741"
5.766666666666667,282,Human,3,197,130,944,-5.766666666666667,"-2.3493807388832932,-2.3748187038460964,-2.7348379023102187,-5.766666666666667"
5.866666666666666,283,Human,1,198,96,139,-5.866666666666666,"-3.720156623575108,-5.866666666666667,-3.9659089633879225,-4.1489423207193346"
3.6,284,Human,3,42,130,1393,-3.6,"-1.0051598321113902,-1.0232543845471953,-1.1199186514058466,-3.6000000000000005"
2.7666666666666666,285,Human,1,64,130,1167,-2.7666666666666666,"-1.2740335097114417,-2.7666666666666666,-1.253803128141967,-1.6058662428046793"
2.6,286,Human,2,17,147,242,-2.6,"-1.1342457357312976,-1.1369215216684223,-2.6,-1.2852536550977482"
1.9166666666666667,287,Human,3,199,154,24,-1.9166666666666667,"-0.7282980722886706,-0.7423609472586731,-0.7600955284921743,-1.9166666666666667"
3.45,288,Human,2,200,155,1347,-3.45,"-1.4794289148137274,-1.4789129560904253,-3.45,-1.4797132762184764"
1.2,289,Human,2,201,156,563,-1.2,"-0.6421923124901509,-0.6562551874601532,-1.2,-0.7514555714294356"
7.316666666666666,290,Human,3,182,20,1763,-7.316666666666666,"-5.351753644592853,-5.170994948025673,-5.1820100668161695,-7.316664959978155"
1.3666666666666667,291,Human,1,181,154,1520,-1.3666666666666667,"-0.5771059755795767,-1.366666666666667,-0.5911688505495791,-0.6089034317830805"
5.566666666666666,292,Human,3,202,157,139,-5.566666666666666,"-1.993523428089739,-2.395056499688615,-2.039227771742247,-5.566666666666666"
4.6,293,Human,3,17,158,578,-4.6,"-2.128598768521087,-2.118831549898577,-2.1254910171411976,-4.6"
7.55,294,Human,3,17,159,534,-7.55,"-4.4318058818640145,-4.281301922180789,-4.23421768891945,-7.55"
2.8,295,Human,1,17,158,243,-2.8,"-2.128598768521087,-2.8,-2.1254910171411976,-2.839829870032966"
2.0833333333333335,296,Human,1,56,96,1623,-2.0833333333333335,"-0.6227384258238932,-2.083333333333334,-0.8264341301675459,-0.7571996689244452"
6.316666666666666,297,Human,3,203,160,1652,-6.316666666666666,"-3.5630886385149343,-4.129056546661825,-3.5160044052535953,-6.316665813322411"
2.4166666666666665,298,Human,1,204,130,111,-2.4166666666666665,"-0.9886491529657218,-2.4166666666666665,-1.006743705401527,-1.3217185074173656"
5.416666666666667,299,Human,1,205,138,528,-5.416666666666667,"-2.0907642826749133,-5.416666666666668,-2.810715880791669,-2.409182809192792"
2.5833333333333335,300,Human,1,182,147,1763,-2.5833333333333335,"-1.5224903485295105,-2.5833333333333335,-2.276066062472395,-2.1237022515772668"
2.933333333333333,301,Human,1,41,54,244,-2.933333333333333,"-1.389200566924943,-2.9333333333333336,-1.4982478431428456,-1.498463825864228"
2.3833333333333333,302,Human,1,206,38,1024,-2.3833333333333333,"-0.8809815214782816,-2.3833333333333333,-0.9902447804175664,-0.944000479961603"
3.1666666666666665,303,Human,2,204,147,1243,-3.1666666666666665,"-2.0758140826307825,-1.4942206101085842,-3.1666666666666665,-1.5572395685919054"
1.8666666666666667,304,Human,0,207,78,1407,-1.8666666666666667,"-1.8666666666666667,-1.3371490280777536,-1.3264938804895607,-1.3376649868010555"
4.266666666666667,305,Human,2,71,32,1464,-4.266666666666667,"-2.7379251970007985,-2.9396290606917033,-4.2666666666666675,-2.741224933021917"
4.216666666666667,306,Human,3,17,158,1172,-4.216666666666667,"-2.128598768521087,-2.118831549898577,-2.1254910171411976,-4.216666666666667"
1.8833333333333333,307,Human,2,86,161,638,-1.8833333333333333,"-1.2107007957970803,-1.212984718725503,-1.8833333333333335,-0.9854134603525146"
4.25,308,Human,1,181,126,1208,-4.25,"-2.3324777416148947,-4.25,-2.5341816053057995,-2.428596044947747"
4.466666666666667,309,Human,3,17,158,1243,-4.466666666666667,"-2.128598768521087,-2.118831549898577,-2.1254910171411976,-4.466666666666667"
1.9166666666666667,310,Human,3,200,78,1305,-1.9166666666666667,"-1.2664626829853611,-1.2766018718502516,-1.265946724262059,-1.916666666666667"
2.1666666666666665,311,Human,3,208,78,1216,-2.1666666666666665,"-0.96635469162467,-0.9556995440364772,-0.985973122150228,-2.166666666666667"
2.533333333333333,312,Human,0,209,96,817,-2.533333333333333,"-2.5333333333333337,-1.5004514779066391,-1.6991675806184223,-1.6996835393417244"
10.483333333333333,313,Human,0,210,161,1765,-10.483333333333333,"-10.483333333311489,-8.60056998191828,-8.608813322451036,-8.602853904846702"
2.566666666666667,314,Human,2,211,78,925,-2.566666666666667,"-0.9716702663786896,-0.9610151187904968,-2.5666666666666673,-1.572882169426446"
1.7333333333333334,315,Human,3,64,82,765,-1.7333333333333334,"-0.7696943428199213,-1.101527075913159,-0.7701743044229931,-1.7333333333333334"
1.15,316,Human,1,172,162,515,-1.15,"-0.3288715486194478,-1.15,-0.4140256102440976,-0.329671868747499"
1.2166666666666666,317,Human,3,167,163,637,-1.2166666666666666,"-0.5676900421795786,-0.6240125711911833,-0.5924399421395626,-1.2166666666666666"
7.233333333333333,318,Human,3,167,20,671,-7.233333333333333,"-4.700946273968529,-4.202314557676025,-4.1675173414533235,-7.233333333333334"
1.1,319,Human,2,172,82,630,-1.1,"-0.6149724540644191,-0.6157727741924703,-1.1,-0.6408423844699868"
4.1,320,Human,1,17,56,47,-4.1,"-2.6925510593006106,-4.1,-2.9875474595885874,-3.00071040655283"
1.9333333333333333,321,Human,1,111,78,1462,-1.9333333333333333,"-0.6312583636766441,-1.9333333333333336,-0.7620706886066162,-0.6320586838046953"
5.45,322,Human,3,212,164,673,-5.45,"-1.4196965484885422,-2.441714949032701,-2.431059801444508,-5.45"
13.1,323,Human,0,83,165,894,-13.1,"-13.100000000000001,-8.129335182035312,-7.8887003339716735,-8.07058404234251"
6.483333333333333,324,Human,0,17,20,1282,-6.483333333333333,"-6.483333333333334,-4.068378367080724,-4.417337355852172,-4.194587229867651"
5.85,325,Human,2,158,140,621,-5.85,"-3.561735924435399,-3.655220445673699,-5.85,-3.6830462196117857"
2.033333333333333,326,Human,2,172,158,29,-2.033333333333333,"-0.8420509312436277,-1.4500823943688348,-2.033333333333333,-0.8443828503323576"
2.35,327,Human,2,111,158,1015,-2.35,"-1.531775071439663,-0.926075527403186,-2.35,-0.923743608314456"
3.1333333333333333,328,Human,2,111,166,1572,-3.1333333333333333,"-1.8385417810032576,-1.8318823137606373,-3.1333333333333337,-1.9669555079051055"
1.7,329,Human,0,213,147,1374,-1.7,"-1.7000000000000002,-1.087672621244322,-1.2431238009962804,-1.090172037137389"
2.5833333333333335,330,Human,2,71,126,326,-2.5833333333333335,"-1.1230633362056126,-1.1253952552943427,-2.5833333333333335,-1.1505560899665843"
2.4166666666666665,331,Human,2,170,158,1786,-2.4166666666666665,"-1.5669091250611116,-0.9612095810246344,-2.416666666666667,-0.9588776619359048"
2.25,332,Human,3,71,78,1214,-2.25,"-0.8061483196590373,-0.962399819539047,-1.0361203084545556,-2.25"
1.6333333333333333,333,Human,1,64,82,126,-1.6333333333333333,"-0.7696943428199213,-1.6333333333333333,-0.7701743044229931,-1.1020070375162307"
6.133333333333334,334,Human,2,26,82,574,-6.133333333333334,"-4.6264373041150835,-4.651927500193515,-6.133333333333334,-4.792971981340905"
5.733333333333333,335,Human,2,42,120,1800,-5.733333333333333,"-2.801982431333552,-3.2035155029324285,-5.7333324800000005,-3.2492198465849365"
2.0,336,Human,2,214,89,733,-2.0,"-0.5340172786177105,-0.6845212383009359,-2.0,-1.3724364043673627"
13.05,337,Human,1,215,167,210,-13.05,"-9.118048174979505,-13.05,-9.205966135540258,-9.106063381061936"
7.666666666666667,338,Human,3,170,168,1174,-7.666666666666667,"-4.430662602377994,-4.280158642694769,-4.575155042982746,-7.666666666666668"
2.9,339,Human,3,41,169,1339,-2.9,"-1.4935417109077316,-1.0920086393088553,-1.137712982961363,-2.9"
2.1666666666666665,340,Human,3,200,126,19,-2.1666666666666665,"-1.1452411634200117,-1.1447252046967094,-1.2097720009530089,-2.166666666666667"
2.25,341,Human,0,111,126,650,-2.25,"-2.25,-1.5562048433484266,-0.9505052993119496,-1.5538729242596965"
4.7,342,Human,1,212,144,385,-4.7,"-2.934156444704907,-4.7,-3.252574971222786,-3.305046773478605"
3.4,343,Human,1,216,170,1017,-3.4,"-1.7518148521115608,-3.4000000000000004,-1.773472758900583,-1.696031314794546"
7.016666666666667,344,Human,1,26,46,588,-7.016666666666667,"-4.979811356423121,-7.016666666666667,-5.214365177951732,-5.005301552501552"
2.9,345,Human,2,86,78,1151,-2.9,"-1.367686585073194,-1.378341732661387,-2.9,-1.489648781292816"
3.05,346,Human,2,18,171,1107,-3.05,"-1.3617668521692334,-0.7492158562489069,-3.05,-1.5144279165950036"
2.933333333333333,347,Human,1,217,172,293,-2.933333333333333,"-1.064271292140013,-2.9333333333333336,-1.5270565502317308,-1.0209850359528732"
2.45,348,Human,0,218,158,1377,-2.45,"-2.45,-1.112370045210309,-1.110038126121579,-1.7157376701580558"
3.8666666666666667,349,Human,2,44,173,71,-3.8666666666666667,"-2.799735435462655,-2.7974035163739255,-3.866666666666667,-3.3917066772729614"
6.95,350,Human,1,169,20,533,-6.95,"-5.331017978116038,-6.950000000000001,-5.500761555892722,-5.288757358965571"
1.7666666666666666,351,Human,3,219,158,1121,-1.7666666666666666,"-0.9712870461359492,-0.9689551270472192,-0.9964478808081908,-1.7666666666666666"
20.6,352,Human,3,178,117,515,-20.6,"-12.18185707623837,-12.249267683389798,-9.093557681140272,-20.6"
8.116666666666667,353,Human,2,182,20,1449,-8.116666666666667,"-5.351753644592853,-5.170994948025673,-8.116666666666667,-5.213255567176142"
4.033333333333333,354,Human,3,220,174,236,-4.033333333333333,"-1.945644348452124,-2.1722702183825295,-2.170986321094313,-4.033333333333333"
23.416666666666668,355,Human,2,221,175,1760,-23.416666666666668,"-2.4358050045601978,-2.4362849661632695,-23.41666752,-2.77943351427942"
4.5,356,Human,3,100,19,1687,-4.5,"-2.889005712533616,-2.8894856741366883,-3.400422750506668,-4.5"
1.9666666666666666,357,Human,1,222,10,60,-1.9666666666666666,"-0.586370257246167,-1.9666666666666666,-0.868683182416235,-0.8072586125883038"
2.2333333333333334,358,Human,3,223,176,960,-2.2333333333333334,"-0.503350541080363,-0.5041508612084142,-0.7521900768946888,-2.2333333333333334"
6.533333333333333,359,Human,1,224,82,1430,-6.533333333333333,"-5.079634206737059,-6.533333333333333,-5.251829600128752,-5.396044530232373"
2.6333333333333333,360,Human,2,225,129,368,-2.6333333333333333,"-1.4289984060845629,-1.291170834451158,-2.6333333333333337,-1.7210920941450734"
2.5,361,Human,3,226,72,524,-2.5,"-0.1823254139668826,-0.3553995680345572,-0.3549196064314854,-2.5"
6.783333333333333,362,Human,3,227,177,669,-6.783333333333333,"-2.456731461483081,-2.6220422366210703,-2.5095389199596325,-6.783333333333333"
5.616666666666666,363,Human,2,147,178,1626,-5.616666666666666,"-3.728776418997565,-2.965193308439172,-5.6166658133224105,-2.6807710217180603"
4.183333333333334,364,Human,2,147,81,1470,-4.183333333333334,"-2.90213858830364,-3.018553275128694,-4.183333333333334,-3.049810774528742"
2.0,365,Human,2,228,179,1652,-2.0,"-1.3288078946481396,-1.4452225814731936,-2.0,-1.6828695192979997"
4.283333333333333,366,Human,3,158,69,819,-4.283333333333333,"-3.16587061663576,-3.268955407067412,-3.384650742076866,-4.283333333333333"
7.233333333333333,367,Human,1,77,180,255,-7.233333333333333,"-5.048388731698899,-7.233333333333334,-5.167770926621504,-4.977536027766354"
8.95,368,Human,0,229,181,220,-8.95,"-8.95,-6.509669111778677,-6.6278596565350965,-6.461169712018773"
5.016666666666667,369,Human,3,230,130,1235,-5.016666666666667,"-3.307875325042974,-3.3572753730391343,-3.3297855722231997,-5.0166666666666675"
6.65,370,Human,3,64,20,940,-6.65,"-4.484763934098658,-4.489863526131296,-4.70751406008318,-6.65"
7.45,371,Human,3,204,20,1668,-7.45,"-5.227521806429222,-5.153740328395243,-5.111479709244777,-7.450000853344257"
7.733333333333333,372,Human,0,71,20,482,-7.733333333333333,"-7.733333333333334,-4.591724270429014,-4.809374804380899,-4.7745775881581975"
3.55,373,Human,0,228,24,1222,-3.55,"-3.55,-2.56538867507796,-2.262298972674321,-2.3266931968866835"
8.1,374,Human,3,181,20,564,-8.1,"-5.348663999807653,-5.422170119318092,-5.444626099550358,-8.100000000000001"
6.783333333333333,375,Human,2,147,182,1206,-6.783333333333333,"-4.85035396661355,-5.096106306426366,-6.783333333333333,-4.959537640082938"
2.2666666666666666,376,Human,2,61,183,331,-2.2666666666666666,"-1.3585673146148305,-1.128869690424766,-2.2666666666666666,-1.6376169906407485"
4.083333333333333,377,Human,2,231,184,923,-4.083333333333333,"-2.235753592037068,-2.248436577398239,-4.083333333333334,-2.0909012342310933"
6.766666666666667,378,Human,3,232,144,1001,-6.766666666666667,"-4.302304320034067,-4.314975306355161,-4.620722846551946,-6.7666666666666675"
7.183333333333334,379,Human,1,182,20,781,-7.183333333333334,"-5.351753644592853,-7.183333333333334,-5.1820100668161695,-5.213255567176142"
2.1333333333333333,380,Human,2,138,39,1525,-2.1333333333333333,"-1.1133489772093577,-1.131824410065818,-2.1333333333333337,-1.26637273530871"
1.8833333333333333,381,Human,2,233,61,1520,-1.8833333333333333,"-0.9751749079761496,-1.2209272477889646,-1.8833333333333335,-1.070675267947352"
2.7,382,Human,2,234,185,620,-2.7,"-1.429242156505098,-1.3619875368746683,-2.7,-1.4164720890015874"
6.383333333333334,383,Human,0,17,186,1272,-6.383333333333334,"-6.383333333333335,-4.265957513930249,-4.614916502701696,-4.392166376717176"
3.45,384,Human,3,235,140,780,-3.45,"-1.544304171316584,-1.3612708139851704,-1.8458446435169829,-3.45"
3.6666666666666665,385,Human,2,98,40,1680,-3.6666666666666665,"-1.5059447354465816,-1.6889780927779952,-3.666666666666667,-1.949057286442502"
7.05,386,Human,0,17,20,1296,-7.05,"-7.050000000000001,-4.068378367080724,-4.417337355852172,-4.194587229867651"
8.016666666666667,387,Human,1,71,20,1568,-8.016666666666667,"-4.586624678396377,-8.016667520010923,-4.809374804380899,-4.7745775881581975"
1.6166666666666667,388,Human,2,138,187,278,-1.6166666666666667,"-0.274970002399808,-0.3572114230861531,-1.6166666666666667,-0.4814974802015838"
2.95,389,Human,3,236,39,284,-2.95,"-1.8691426598349357,-2.2132151340369997,-2.176726053163469,-2.95"
2.75,390,Human,3,237,188,1184,-2.75,"-1.2277289030139873,-1.3782328626972125,-1.581790527663847,-2.7500000000000004"
6.75,391,Human,0,17,20,256,-6.75,"-6.75,-4.068378367080724,-4.417337355852172,-4.194587229867651"
7.866666666666666,392,Human,2,169,20,209,-7.866666666666666,"-5.331017978116038,-5.493334150085187,-7.866666666666666,-5.288757358965571"
1.7333333333333334,393,Human,2,231,185,1009,-1.7333333333333334,"-0.7629448899790297,-1.0343631765161063,-1.7333333333333334,-1.2475187195108424"
2.0,394,Human,1,87,189,30,-2.0,"-0.9781470399534904,-2.0,-1.387808845640488,-0.9308588230108458"
8.916666666666666,395,Human,1,238,22,704,-8.916666666666666,"-6.451139004271313,-8.916666666666666,-6.539056964832066,-6.612994329554773"
9.95,396,Human,1,239,138,87,-9.95,"-6.58985454918629,-9.95,-7.039887020545071,-6.638353948946194"
4.616666666666666,397,Human,3,195,160,690,-4.616666666666666,"-3.1850131204058987,-3.3003792668644816,-3.2172185439720136,-4.616666666666667"
6.466666666666667,398,Human,2,56,190,1290,-6.466666666666667,"-3.1023416699733533,-2.951837710290128,-6.466666666666667,-3.127147834339748"
6.7,399,Human,3,184,20,709,-6.7,"-5.453264443296784,-5.668856353206896,-5.626595734056429,-6.7"
5.966666666666667,400,Human,0,45,20,162,-5.966666666666667,"-5.966666666666667,-3.6712615758289497,-3.706058792051652,-3.483308666067131"
6.483333333333333,401,Human,3,198,160,115,-6.483333333333333,"-3.69503906388044,-3.5445351041972137,-3.692675252985311,-6.483333333333334"
7.283333333333333,402,Human,0,98,7,30,-7.283333333333333,"-7.283333333333334,-3.8512486665075256,-4.170157165832381,-4.266067732194907"
6.033333333333333,403,Human,1,17,191,1557,-6.033333333333333,"-3.9603539685285583,-6.033333333333334,-3.9682793074987406,-3.913269735267219"
5.75,404,Human,3,17,192,1395,-5.75,"-3.74017465038076,-3.757015276128,-3.856802252665827,-5.750000000000001"
6.316666666666666,405,Human,3,17,192,1656,-6.316666666666666,"-3.74017465038076,-3.757015276128,-3.856802252665827,-6.316666666666667"
6.366666666666666,406,Human,0,109,20,1179,-6.366666666666666,"-6.366666666666667,-3.535096523038573,-3.7578466490230946,-3.5749933312939133"
5.75,407,Human,0,45,20,1312,-5.75,"-5.750000000000001,-3.6712615758289497,-3.706058792051652,-3.483308666067131"
7.583333333333333,408,Human,2,204,193,941,-7.583333333333333,"-4.120648405681504,-3.5686113743994015,-7.583333333333333,-3.719115334082627"
9.883333333333333,409,Human,1,240,138,3,-9.883333333333333,"-6.544710087280765,-9.883333333333333,-6.540345242223764,-6.941878313822641"
8.1,410,Human,0,71,194,1218,-8.1,"-8.100000000000001,-5.346479035388824,-5.2867118167663145,-5.526764612542652"
4.95,411,Human,0,17,61,859,-4.95,"-4.95,-3.577144291842007,-3.745538820279732,-3.719728885074548"
8.166666666666666,412,Human,3,241,96,179,-8.166666666666666,"-4.033810696115685,-4.059248661078488,-4.001772303004662,-8.166666666666666"
10.566666666666666,413,Human,0,242,94,466,-10.566666666666666,"-10.566666666666666,-7.426602350156823,-7.338684389596068,-7.372233705650784"
8.483333333333333,414,Human,0,243,20,732,-8.483333333333333,"-8.483333333333333,-4.759354796377699,-4.541704262425813,-5.2579865126702"
6.166666666666667,415,Human,1,244,1,1290,-6.166666666666667,"-4.604469110145204,-6.166666666666667,-4.752609258933302,-4.6076248576854"
5.05,416,Human,2,17,61,580,-5.05,"-3.624228525103346,-3.577144291842007,-5.05,-3.719728885074548"
5.966666666666667,417,Human,0,71,61,1415,-5.966666666666667,"-5.966666666666667,-3.9691817403707343,-4.324425320884292,-4.31126237392005"
8.483333333333333,418,Human,1,245,144,1290,-8.483333333333333,"-4.579233134182044,-8.483333333333333,-4.496118589101046,-4.4234524023959825"
5.683333333333334,419,Human,1,246,195,1291,-5.683333333333334,"-4.044976112082053,-5.683333333333334,-4.122141938815914,-4.378777407978381"
6.133333333333334,420,Human,2,247,20,1496,-6.133333333333334,"-4.4807249611027435,-4.088155744386489,-6.133333333333335,-4.093255336419126"
5.466666666666667,421,Human,3,237,196,200,-5.466666666666667,"-3.13427022800606,-3.1597081929688633,-3.380022567818875,-5.466666666666668"
4.833333333333333,422,Human,1,182,197,317,-4.833333333333333,"-2.11073914086873,-4.833333333333333,-2.5579765561201144,-2.1564434845212386"
9.283333333333333,423,Human,3,88,198,65,-9.283333333333333,"-6.728691954897205,-6.8517548301553,-7.267662128999963,-9.283333333333333"
8.35,424,Human,3,248,1,604,-8.35,"-5.937458614908942,-6.0738759752296,-6.025376575469696,-8.35"
6.2,425,Human,0,249,1,1458,-6.2,"-6.200000000000001,-4.423920645440243,-4.4265964313773685,-4.574424605123469"
2.7333333333333334,426,Human,2,56,37,1767,-2.7333333333333334,"-1.390212859801948,-1.775670023228874,-2.7333324799890777,-1.4532318182852693"
6.516666666666667,427,Human,3,71,199,1125,-6.516666666666667,"-4.049229632196293,-4.002145398934954,-4.253845939150729,-6.5166666666666675"
6.383333333333334,428,Human,2,17,120,1660,-6.383333333333334,"-3.409208316648081,-3.6138246236025178,-6.38333418667759,-3.362124083386742"
3.35,429,Human,3,180,160,967,-3.35,"-1.0559515238780897,-1.4574845954769662,-1.1016558675305974,-3.35"
3.15,430,Human,1,186,197,455,-3.15,"-2.0892878542713884,-3.15,-2.1109457610604103,-2.3432595365368067"
5.116666666666666,431,Human,3,186,120,11,-5.116666666666666,"-2.792290204011468,-2.9969065109659043,-2.81394811080049,-5.116666666666666"
7.083333333333333,432,Human,2,198,130,1160,-7.083333333333333,"-3.77194448054655,-3.797382445509353,-7.083333333333334,-4.157401643973475"
9.1,433,Human,2,189,159,591,-9.1,"-3.615760702093042,-3.465256742409816,-9.1,-3.866789814008693"
5.55,434,Human,0,175,83,112,-5.55,"-5.550000000000001,-4.100461430759558,-4.3695039073614295,-4.186247624286644"
4.366666666666666,435,Human,1,169,46,1452,-4.366666666666666,"-2.733883137483394,-4.366666666666667,-3.5532015920070323,-2.8658965764082804"
17.55,436,Human,0,250,133,416,-17.55,"-17.55,-8.308186153709345,-8.619787370636905,-8.633634262885526"
9.3,437,Human,2,251,126,30,-9.3,"-6.928785656884839,-6.709962591301514,-9.3,-6.758461991061418"
2.8,438,Human,1,252,200,531,-2.8,"-2.1108118629737542,-2.8,-2.3844499719250383,-2.1738308214570754"
2.033333333333333,439,Human,1,38,201,651,-2.033333333333333,"-1.510994539928755,-2.033333333333333,-1.5114745015318267,-1.6202577988680396"
10.216666666666667,440,Human,3,64,0,373,-10.216666666666667,"-5.925598495098867,-6.0860826887763375,-6.224580766193051,-10.216666666666669"
7.533333333333333,441,Human,3,253,1,1004,-7.533333333333333,"-5.59314643359293,-5.456729073272273,-5.544647033833027,-7.533333333333334"
8.566666666666666,442,Human,2,254,3,1216,-8.566666666666666,"-5.357679372492927,-5.1915578338846835,-8.566666666666666,-5.358159334095999"
8.533333333333333,443,Human,3,255,198,265,-8.533333333333333,"-6.540882979615228,-6.548911057657099,-6.571972492454201,-8.533333333333333"
2.433333333333333,444,Human,2,252,28,1745,-2.433333333333333,"-1.6281836130951977,-1.607802430592498,-2.433333333333333,-1.6191655215452216"
3.683333333333333,445,Human,1,256,179,356,-3.683333333333333,"-2.664973340813073,-3.6833333333333336,-2.8931830840336157,-2.905866069394787"
12.016666666666667,446,Human,3,63,202,888,-12.016666666666667,"-7.138900648790905,-6.7291242366592705,-6.737367577192028,-12.01666666666667"
4.666666666666667,447,Human,3,257,203,418,-4.666666666666667,"-2.4605017841700576,-2.7528552527782577,-2.7343798199217972,-4.666666666666667"
3.716666666666667,448,Human,3,258,77,1018,-3.716666666666667,"-2.6504642423158984,-2.615667026093196,-2.427714116331378,-3.7166666666666672"
5.066666666666666,449,Human,1,147,204,405,-5.066666666666666,"-2.885114674225859,-5.066666666666667,-2.6732356245498337,-2.8259114104869583"
4.6,450,Human,2,259,100,764,-4.6,"-3.934322397065378,-3.965567897425349,-4.6,-3.976583016215846"
3.0,451,Human,2,227,205,962,-3.0,"-2.2290856731461486,-2.394396448284138,-3.0000000000000004,-2.2818931316227"
5.9,452,Human,0,195,206,1330,-5.9,"-5.900000000000001,-2.8252764345621917,-3.198371878643352,-2.6938059116999704"
3.316666666666667,453,Human,1,77,207,1655,-3.316666666666667,"-1.7138191739213695,-3.3166666666666673,-1.9852374604584464,-2.1898537674128837"
3.15,454,Human,3,260,39,716,-3.15,"-1.6126410878459072,-1.8156737021224536,-1.723164191992175,-3.15"
1.6166666666666667,455,Human,2,242,6,405,-1.6166666666666667,"-0.7492080633549316,-0.7847252219822414,-1.6166666666666667,-0.8289296856251501"
3.1166666666666667,456,Human,2,261,208,993,-3.1166666666666667,"-2.0792793143175197,-2.495266097799811,-3.116666666666667,-2.3004619270314315"
2.9833333333333334,457,Human,3,125,24,1000,-2.9833333333333334,"-1.3500506165724488,-1.6101298102369554,-1.3977424630952306,-2.9833333333333334"
5.15,458,Human,0,262,140,1198,-5.15,"-5.15,-1.9556875253773032,-1.9249940348619448,-1.6492681469383792"
5.183333333333334,459,Human,2,125,89,419,-5.183333333333334,"-2.0664461735147523,-2.216950133197978,-5.1833333333333345,-2.754361339581179"
1.2666666666666666,460,Human,2,263,89,142,-1.2666666666666666,"-0.5984905380231451,-0.7489944977063705,-1.2666666666666668,-0.7149052248481992"
4.7,461,Human,2,147,20,1161,-4.7,"-2.739698307535195,-2.7345987155025573,-4.7,-2.9573488414870788"
5.983333333333333,462,Human,2,264,209,477,-5.983333333333333,"-4.09817169363957,-4.140432312790038,-5.983333333333334,-4.256474409974484"
2.066666666666667,463,Human,1,248,210,221,-2.066666666666667,"-1.3203743700503958,-2.066666666666667,-1.199016078713703,-1.1567554595632348"
2.3833333333333333,464,Human,3,265,5,1121,-2.3833333333333333,"-1.3851770945959376,-0.7204694548805843,-1.223277230258554,-2.3833333333333333"
3.1,465,Human,2,66,13,502,-3.1,"-2.4035127675737304,-2.3861021604223027,-3.1000000000000005,-2.4025828149672392"
1.15,466,Human,3,266,6,277,-1.15,"-0.4050755939524838,-0.6030717542596592,-0.6649748020158388,-1.15"
1.7166666666666666,467,Human,2,238,211,877,-1.7166666666666666,"-0.446796256299496,-0.4423326133909288,-1.7166666666666668,-0.403719702423806"
2.3833333333333333,468,Human,3,267,212,334,-2.3833333333333333,"-1.6962403968066706,-1.7447397965665743,-1.7624503797199225,-2.3833333333333333"
2.433333333333333,469,Human,2,148,213,1538,-2.433333333333333,"-0.7626410823508668,-0.9831954380024148,-2.433333333333333,-0.7989621766633218"
1.9,470,Human,1,268,214,901,-1.9,"-0.612514998800096,-1.9,-0.5626709863210942,-0.5226301895848332"
1.55,471,Human,2,269,191,1058,-1.55,"-0.7785697144228461,-1.1726661867050634,-1.5500000000000003,-0.8890568754499641"
2.066666666666667,472,Human,3,270,69,927,-2.066666666666667,"-0.6387209023278138,-0.6809815214782817,-0.5882889368850492,-2.066666666666667"
2.4833333333333334,473,Human,2,271,20,883,-2.4833333333333334,"-1.1256752376976709,-1.083414618547203,-2.4833333333333334,-1.0329826531044382"
2.0166666666666666,474,Human,0,148,191,1690,-2.0166666666666666,"-2.0166666666666666,-1.0757440341147255,-1.3737432626038175,-1.1835554092047185"
5.016666666666667,475,Human,2,272,215,1665,-5.016666666666667,"-2.1226541876649865,-2.334809215262778,-5.016665813322411,-2.3278977681785458"
5.7,476,Human,3,273,216,1585,-5.7,"-4.501999658710333,-4.488152766461713,-4.578084621133027,-5.700000000000001"
4.616666666666666,477,Human,3,274,5,1616,-4.616666666666666,"-2.7677401074084917,-2.9505934251376726,-2.727843299153152,-4.616666666666667"
6.2,478,Human,2,275,217,716,-6.2,"-3.3447720081892394,-3.476800535016004,-6.200000000000001,-3.3262965753327784"
2.5166666666666666,479,Human,3,276,20,393,-2.5166666666666666,"-1.456788330883109,-1.4873378869186265,-1.4450772677681585,-2.5166666666666666"
1.9,480,Human,1,277,23,1250,-1.9,"-0.955879529637629,-1.9000000000000001,-1.129511847935719,-1.2202245909162803"
18.1,481,Human,0,278,174,1683,-18.1,"-18.100005120000002,-9.696452337220354,-9.832869697541012,-9.85058028069436"
22.0,482,Human,2,279,20,212,-22.0,"-9.304349036880604,-9.227255204387204,-22.000000000000004,-9.2083869371379"
38.766666666666666,483,Human,2,280,92,1655,-38.766666666666666,"-3.5571462961990212,-3.481061333776327,-38.766650453344255,-3.1529970194976995"
6.966666666666667,484,Human,0,281,28,129,-6.966666666666667,"-6.966666666666668,-4.74665175335683,-4.567733888568192,-4.758014844309554"
15.216666666666667,485,Human,3,282,6,627,-15.216666666666667,"-8.78958506073579,-8.75833956037582,-8.939098256943002,-15.216666666666669"
15.416666666666666,486,Human,3,283,3,1793,-15.416666666666666,"-4.286627937667703,-4.2105429752450085,-4.251183723985109,-15.416659839912619"
5.85,487,Human,3,284,84,201,-5.85,"-3.7361017372667376,-3.6559967795168986,-3.8067767171218905,-5.85"
1.8,488,Human,1,285,5,1243,-1.8,"-0.5938039722728544,-1.8000000000000003,-0.5589502755745926,-1.0339667472460543"
2.283333333333333,489,Human,3,286,5,1713,-2.283333333333333,"-1.0981185562778024,-0.9708807353034806,-1.325930674645668,-2.283333333333333"
2.05,490,Human,3,287,218,1381,-2.05,"-0.7582823482164643,-0.8035452049790398,-0.919765429569956,-2.05"
4.533333333333333,491,Human,3,234,52,272,-4.533333333333333,"-2.92020891870067,-2.8889634183406985,-2.9550421320436024,-4.533333333333333"
3.5166666666666666,492,Human,2,198,0,1672,-3.5166666666666666,"-1.6867531165827203,-1.698545213719,-3.5166666666666666,-1.442647712521796"
3.533333333333333,493,Human,2,10,219,1320,-3.533333333333333,"-1.4511630240280584,-1.297299333123331,-3.533333333333333,-1.7442248707970036"
8.016666666666667,494,Human,0,288,220,1388,-8.016666666666667,"-8.016666666666667,-6.442867200538315,-6.352935345867,-6.375757520093063"
15.183333333333334,495,Human,1,289,73,1373,-15.183333333333334,"-10.76982481974026,-15.183335039967234,-10.986800327519228,-10.86677768295898"
2.8833333333333333,496,Human,2,290,20,272,-2.8833333333333333,"-1.7329816409240095,-1.5153311069721265,-2.8833333333333333,-1.5501283231948284"
8.033333333333333,497,Human,1,269,142,425,-8.033333333333333,"-6.123189321878557,-8.033333333333333,-5.986771961557898,-6.012209926520701"
12.766666666666667,498,Human,0,17,79,1042,-12.766666666666667,"-12.76666666666667,-8.298245174659108,-7.431177973095742,-4.084110214652091"
2.533333333333333,499,Human,3,291,221,679,-2.533333333333333,"-1.4721382289416844,-0.5259737042818752,-0.4899645850114168,-2.5333333333333337"
2.1666666666666665,500,Human,3,198,68,564,-2.1666666666666665,"-0.9754166777757378,-1.058774063190305,-1.1047663298035757,-2.166666666666667"
1.85,501,Human,2,292,214,506,-1.85,"-0.8322716271533812,-0.7830573554115671,-1.8500000000000003,-0.8682447493036092"
10.35,502,Human,1,293,222,896,-10.35,"-6.646288101951722,-10.35,-6.646588023952562,-6.655563305930004"
3.4166666666666665,503,Human,0,294,92,500,-3.4166666666666665,"-3.416666666666667,-2.4573712241831736,-2.457851185786245,-2.3679193311149307"
15.916666666666666,504,Human,1,74,3,1652,-15.916666666666666,"-2.465966165603148,-15.916659839945387,-2.4664221291260664,-2.957182868266935"
1.85,505,Human,3,295,223,908,-1.85,"-1.5368547418967589,-1.5066826730692278,-1.329031612645058,-1.8500000000000003"
2.45,506,Human,0,296,224,1508,-2.45,"-2.45,-1.0212284913965584,-1.0506802721088433,-1.3412364945978392"
26.416666666666668,507,Human,2,297,225,1585,-26.416666666666668,"-7.031366079560706,-7.132889006946205,-26.416669226677595,-7.017519187312087"
3.1333333333333333,508,Human,1,298,5,516,-3.1333333333333333,"-1.6165906679446436,-3.1333333333333337,-2.101711858249419,-1.7377106350099432"
3.5166666666666666,509,Human,2,299,23,772,-3.5166666666666666,"-2.5189568700050207,-2.504444513586572,-3.516666666666667,-2.549128938832552"
3.5833333333333335,510,Human,3,300,5,97,-3.5833333333333335,"-2.3476500175304107,-2.2204121965560883,-2.28576526362885,-3.583333333333334"
12.183333333333334,511,Human,3,301,226,634,-12.183333333333334,"-6.719517365785039,-6.639412408035201,-3.845587070640458,-12.183333333333335"
4.016666666666667,512,Human,3,0,5,60,-4.016666666666667,"-2.4546241822863064,-2.424074626250789,-2.2968368052764663,-4.016666666666667"
3.0,513,Human,3,121,227,56,-3.0,"-1.1403462176807366,-1.8942354047450511,-2.122286625233247,-3.0000000000000004"
4.866666666666666,514,Human,2,99,61,1478,-4.866666666666666,"-2.0912432708457227,-2.109718703702183,-4.866666666666666,-2.293775068301926"
2.7666666666666666,515,Human,2,302,228,192,-2.7666666666666666,"-1.4480442285919473,-1.749115407611612,-2.7666666666666666,-1.4058196065617097"
2.45,516,Human,1,268,39,1641,-2.45,"-1.017440757877705,-2.45,-0.8524419037806323,-1.2078383289523071"
1.0166666666666666,517,Human,0,303,23,173,-1.0166666666666666,"-1.0166666666666666,-0.4032397408207342,-0.2460163186945044,-0.1727981761459083"
4.1,518,Human,2,137,229,1463,-4.1,"-2.8974860901395663,-3.0809422975313647,-4.1,-2.8587258722376117"
8.15,519,Human,3,304,160,291,-8.15,"-4.210997948673428,-4.4839933095247515,-4.642855400077315,-8.15"
2.9,520,Human,3,125,39,1261,-2.9,"-1.1968218082121775,-1.5044052015407112,-1.5408942824142415,-2.9"
7.566666666666666,521,Human,0,305,19,1402,-7.566666666666666,"-7.566666666666667,-3.9828565814118946,-3.958158227288071,-3.957837868763092"
1.5166666666666666,522,Human,3,306,39,779,-1.5166666666666666,"-0.9597852623065496,-0.8602381369676659,-0.9350401528063988,-1.5166666666666666"
2.85,523,Human,1,198,6,1667,-2.85,"-1.225836698179506,-2.8500000000000005,-1.191039481956804,-1.373892799685985"
9.666666666666666,524,Human,3,7,230,1197,-9.666666666666666,"-6.441513728191238,-6.5263103250157135,-6.580011805607951,-9.666666666666668"
1.45,525,Human,3,99,191,1301,-1.45,"-0.8173746100311974,-0.8596352291816654,-0.76919846412287,-1.45"
3.45,526,Human,3,307,39,319,-3.45,"-2.153776833943937,-1.8718025350021636,-2.28868204152733,-3.45"
6.133333333333334,527,Human,1,308,51,474,-6.133333333333334,"-2.8079140716849422,-6.133333333333334,-2.865269483252017,-2.96362031888887"
5.1,528,Human,2,147,231,1272,-5.1,"-3.93535802932348,-3.0403043959028664,-5.1000000000000005,-2.963021700030687"
1.9333333333333333,529,Human,0,309,24,243,-1.9333333333333333,"-1.9333333333333336,-1.0670319966561412,-1.0485565637996803,-1.363225736931229"
4.333333333333333,530,Human,2,310,132,1257,-4.333333333333333,"-2.5173915271244756,-2.535866959980936,-4.333333333333334,-2.836352164862025"
17.7,531,Human,2,286,50,133,-17.7,"-4.9378529820642685,-4.935233240090072,-17.700000000000003,-5.046756543488838"
11.933333333333334,532,Human,1,109,232,823,-11.933333333333334,"-7.818468073643095,-11.933333333333334,-7.819268393771147,-7.818948035246168"
2.683333333333333,533,Human,2,311,120,239,-2.683333333333333,"-1.6380894277452236,-1.846211639913028,-2.683333333333333,-1.8646870727694889"
2.3,534,Human,3,300,0,1004,-2.3,"-1.1272517070183004,-0.8872006974135946,-1.4277369118993888,-2.3"
2.95,535,Human,1,312,0,1366,-2.95,"-1.8033978890332232,-2.95,-1.3552028874904896,-1.9428336633429473"
2.6666666666666665,536,Human,2,313,0,728,-2.6666666666666665,"-1.2745506265861275,-1.5750358314672162,-2.6666666666666665,-1.5606250563580366"
2.683333333333333,537,Human,3,314,0,1703,-2.683333333333333,"-1.480753107578525,-1.479352547354435,-1.450581038750994,-2.683333333333333"
4.366666666666666,538,Human,2,138,233,1576,-4.366666666666666,"-1.4178596276523567,-1.152142037520552,-4.366666666666667,-1.0692256168125998"
2.466666666666667,539,Human,1,313,0,890,-2.466666666666667,"-1.2745506265861275,-2.466666666666667,-1.9692485057377889,-1.5606250563580366"
6.866666666666666,540,Human,1,215,234,561,-6.866666666666666,"-4.749211022913186,-6.866666666666666,-4.922002198418666,-4.67327991612922"
7.75,541,Human,3,274,212,1678,-7.75,"-3.6111346799481794,-4.073160623363255,-3.3826786242119,-7.749998293311489"
8.166666666666666,542,Human,3,222,20,1003,-8.166666666666666,"-5.499158169149555,-5.541418788300022,-5.565236882852459,-8.166666666666668"
6.866666666666666,543,Human,1,315,20,151,-6.866666666666666,"-5.507913253820468,-6.866666666666666,-5.441834540117564,-5.6349704697954115"
4.733333333333333,544,Human,0,138,118,1338,-4.733333333333333,"-4.733333333333334,-3.753783436485613,-3.6544203939323783,-3.666131457047329"
3.8333333333333335,545,Human,2,316,61,1580,-3.8333333333333335,"-1.5102214125028268,-1.6607253721860522,-3.8333333333333335,-1.8083975584111545"
2.0833333333333335,546,Human,2,150,235,367,-2.0833333333333335,"-0.4046478490604305,-0.7145318026418631,-2.083333333333334,-1.083999589756709"
1.1666666666666667,547,Human,1,317,122,967,-1.1666666666666667,"-0.2898368130549555,-1.166666666666667,-0.5286657067434605,-0.4639548836093112"
3.533333333333333,548,Human,3,318,89,1318,-3.533333333333333,"-2.1362859604325184,-2.286789920115744,-2.284426109220616,-3.533333333333333"
7.133333333333334,549,Human,3,319,20,663,-7.133333333333334,"-5.122484821624799,-5.186900235946575,-5.249542037599743,-7.133333333333334"
7.616666666666666,550,Human,0,181,5,1725,-7.616666666666666,"-7.616665813333334,-5.577358573389422,-5.547475187349622,-5.470105996332682"
3.0,551,Human,0,307,4,1664,-3.0,"-3.0000000000000004,-3.000000005221202,-3.0521697746195993,-3.0000118221857037"
3.716666666666667,552,Human,0,126,223,528,-3.716666666666667,"-3.716666666666667,-2.6769307723089235,-2.870728291316526,-2.82590768488821"
7.633333333333334,553,Human,2,320,157,95,-7.633333333333334,"-4.594794140749295,-4.1932610691504175,-7.633333333333335,-4.161222676039393"
2.216666666666667,554,Human,2,321,236,1386,-2.216666666666667,"-0.989155662264906,-1.06390556222489,-2.216666666666667,-1.373709483793517"
5.983333333333333,555,Human,3,275,223,1007,-5.983333333333333,"-1.5746498599439778,-1.4075430172068828,-1.8845338135254104,-5.983333333333334"
6.9,556,Human,3,322,133,45,-6.9,"-3.9490587204156182,-4.350591792014495,-3.974496685378421,-6.9"
7.5,557,Human,1,0,66,1700,-7.5,"-4.758669547029551,-7.500000000010923,-4.756049805055353,-4.79428379272783"
3.933333333333333,558,Human,3,10,18,1722,-3.933333333333333,"-2.4886802093047447,-2.442444479591694,-2.400762248743991,-3.9333341866775893"
5.166666666666667,559,Human,3,238,9,815,-5.166666666666667,"-3.5936053056299846,-3.5451059058700807,-3.457187945309327,-5.166666666666668"
6.25,560,Human,2,304,237,801,-6.25,"-4.837837585418575,-5.0651285017851215,-6.25,-5.081495048403769"
2.316666666666667,561,Human,3,138,39,848,-2.316666666666667,"-1.1133489772093577,-1.131824410065818,-1.145566399815549,-2.316666666666667"
2.5,562,Human,3,235,24,84,-2.5,"-1.37875288496213,-1.174136578007693,-1.3571699353391071,-2.5"
2.8666666666666667,563,Human,0,323,61,752,-2.8666666666666667,"-2.8666666666666667,-2.0319289268843286,-2.013453494027868,-1.9959198076138704"
1.7666666666666666,564,Human,0,234,39,286,-1.7666666666666666,"-1.7666666666666666,-1.1748049716208937,-1.1203204194939749,-1.206050471980865"
1.8,565,Human,3,234,39,163,-1.8,"-1.1875750391244044,-1.1748049716208937,-1.1203204194939749,-1.8000000000000003"
1.8,566,Human,0,291,39,1494,-1.8,"-1.8000000000000003,-0.9508908847478434,-1.1143448975357315,-1.132820330392192"
2.6,567,Human,2,324,39,182,-2.6,"-1.5881333267210334,-1.5384123935046017,-2.6,-1.4062038810766848"
11.316666666666666,568,Human,2,325,238,1442,-11.316666666666666,"-7.940888922813381,-7.765358998820746,-11.316664959978155,-8.239871193907566"
6.033333333333333,569,Human,3,259,80,1585,-6.033333333333333,"-3.492589716059191,-3.611848175382445,-3.630323608238906,-6.0333324799890775"
5.433333333333334,570,Human,0,150,239,169,-5.433333333333334,"-5.433333333333334,-3.801850611519773,-2.3505707455361025,-3.844111230670241"
6.45,571,Human,0,326,122,769,-6.45,"-6.45,-4.582797801302263,-4.671361088388154,-4.8441522638936325"
8.183333333333334,572,Human,3,33,81,1196,-8.183333333333334,"-4.905453679173966,-4.503920607575089,-4.529358572537891,-8.183333333333334"
7.85,573,Human,3,327,240,1777,-7.85,"-5.236640026780658,-5.353879838472071,-5.064877801372136,-7.849998293311488"
10.116666666666667,574,Human,3,328,241,458,-10.116666666666667,"-6.540250898450388,-6.53763115647619,-6.379426568718495,-10.116666666666667"
6.85,575,Human,2,17,35,399,-6.85,"-5.0248718056433495,-4.858750267035107,-6.8500000000000005,-5.576572485915459"
5.266666666666667,576,Human,3,278,220,529,-5.266666666666667,"-3.718142134187703,-3.8545594945083614,-3.8060600947484575,-5.2666666666666675"
8.366666666666667,577,Human,2,17,3,1018,-8.366666666666667,"-6.330949877598136,-6.6045879865494195,-8.366666666666667,-6.440213136537421"
2.05,578,Human,3,329,0,759,-2.05,"-0.9697844436550715,-1.1186039714661964,-1.1723054520584333,-2.05"
2.6333333333333333,579,Human,0,126,0,1455,-2.6333333333333333,"-2.6333333333333337,-1.7328896857519107,-1.881709213563035,-1.967764658059048"
7.5,580,Human,1,130,61,1388,-7.5,"-5.2258406830564645,-7.5,-5.612056082120835,-6.013589153719712"
4.266666666666667,581,Human,0,84,242,167,-4.266666666666667,"-4.266666666666667,-2.857946455623643,-3.047567397717852,-2.860832864264507"
7.883333333333334,582,Human,0,330,228,172,-7.883333333333334,"-7.883333333333335,-4.935454098664743,-5.086138043949119,-4.947639966532408"
7.533333333333333,583,Human,1,22,191,459,-7.533333333333333,"-5.576230532681148,-7.533333333333334,-5.780807323800764,-5.684569865534519"
5.366666666666666,584,Human,3,331,0,1754,-5.366666666666666,"-1.1719052919944075,-2.320804851818337,-1.9271273808299416,-5.366664959978154"
1.95,585,Human,1,138,243,1646,-1.95,"-0.9743622286927728,-1.9500000000000002,-0.950390580998418,-1.1231817565038975"
4.033333333333333,586,Human,3,331,0,40,-4.033333333333333,"-1.1719052919944075,-2.320804851818337,-1.9271273808299416,-4.033333333333333"
2.1,587,Human,2,138,243,1240,-2.1,"-0.9743622286927728,-0.998889980758322,-2.1000000000000005,-1.1231817565038975"
9.166666666666666,588,Human,2,320,244,1357,-9.166666666666666,"-5.666760887031531,-5.631685223423486,-9.166666666666666,-5.4497557777791386"
1.0833333333333333,589,Human,3,115,245,118,-1.0833333333333333,"-0.3050524601489264,-0.4905666658311992,-0.4189980383802189,-1.0833333333333335"
7.533333333333333,590,Human,2,147,246,1024,-7.533333333333333,"-5.678974827149745,-5.924727166962561,-7.533333333333334,-5.679274857152746"
16.466666666666665,591,Human,1,332,181,541,-16.466666666666665,"-7.002783595469378,-16.466666666666665,-7.028221560432181,-6.8238657306807395"
25.066666666666666,592,Human,2,333,247,200,-25.066666666666666,"-9.073975274704752,-8.828694484202805,-25.06666666666667,-9.127676755296989"
45.2,593,Human,1,334,248,1738,-45.2,"-5.054324163528689,-45.200011093322416,-9.23418905063989,-9.31676755360335"
21.966666666666665,594,Human,1,335,5,1045,-21.966666666666665,"-4.239738284932731,-21.966669226699437,-6.7891909052204165,-6.828007825968022"
3.433333333333333,595,Human,3,336,249,872,-3.433333333333333,"-2.0775118974875766,-2.2582109445650107,-2.121093044849329,-3.433333333333333"
14.483333333333333,596,Human,3,33,250,431,-14.483333333333333,"-8.739039912207147,-8.818773533517442,-8.655270853827858,-14.483333333333333"
5.15,597,Human,0,337,13,183,-5.15,"-5.15,-2.902084881804593,-2.888237989555973,-2.8985211669017854"
16.4,598,Human,1,135,251,1683,-16.4,"-2.8800753274283037,-16.399999999989078,-2.8805552890313755,-2.908801029372148"
1.15,599,Human,1,123,252,1678,-1.15,"-0.3219342452603791,-1.15,-0.3143388528917686,-0.4330186790338886"
3.0,600,Human,3,250,13,1466,-3.0,"-2.3778108237292384,-2.3813745386320457,-2.3952214308806656,-3.0000000000000004"
4.183333333333334,601,Human,2,210,253,56,-4.183333333333334,"-1.594254955647974,-1.6462347972606448,-4.183333333333334,-1.7072379170110648"
3.533333333333333,602,Human,3,85,79,906,-3.533333333333333,"-1.7847117824811711,-2.0527703377967463,-2.1158492914804516,-3.533333333333333"
37.333333333333336,603,Human,1,288,254,1756,-37.333333333333336,"-3.8307133616141,-37.33334869337703,-3.181359664807359,-4.098771916929675"
1.65,604,Human,2,338,31,58,-1.65,"-0.5381811291280315,-0.8265180621733879,-1.6500000000000001,-0.7512360847315832"
4.55,605,Human,0,339,110,1060,-4.55,"-4.550000000000001,-3.4608807921572313,-3.4470338999086114,-3.5664483467528636"
3.4,606,Human,1,340,255,764,-3.4,"-1.2267203785373,-3.4000000000000004,-1.2272003401403715,-1.3397033399003908"
7.633333333333334,607,Human,1,293,255,967,-7.633333333333334,"-1.3951753541119425,-7.633333333333335,-1.508158315475033,-1.620517326754131"
5.066666666666666,608,Human,3,106,205,290,-5.066666666666666,"-3.383758984466429,-3.3842389460695013,-3.3842389460695013,-5.066666666666667"
6.85,609,Human,1,128,148,1461,-6.85,"-4.219286868518304,-6.8500000000000005,-5.029618042024423,-4.219766830121376"
3.566666666666667,610,Human,3,341,256,755,-3.566666666666667,"-0.8593533183368718,-0.8619870806331877,-1.11328900348206,-3.566666666666667"
4.833333333333333,611,Human,2,63,257,14,-4.833333333333333,"-2.658205873352097,-2.6586858349551687,-4.833333333333333,-2.7448005112072393"
5.933333333333334,612,Human,2,342,257,485,-5.933333333333334,"-4.032029293309908,-4.032029293309908,-5.933333333333334,-4.24508424891346"
1.1166666666666667,613,Human,3,343,111,689,-1.1166666666666667,"-0.3361051115910727,-0.4593472522198225,-0.4528197744180466,-1.1166666666666667"
1.2333333333333334,614,Human,3,136,258,1289,-1.2333333333333334,"-0.4651907847372211,-0.5977441804655628,-0.7444084473242141,-1.2333333333333336"
2.35,615,Human,0,135,259,253,-2.35,"-2.35,-1.0571451618415502,-1.22690758084803,-1.300173719556933"
7.683333333333334,616,Human,0,344,260,930,-7.683333333333334,"-7.6833333333333345,-4.964778636392118,-4.016195963582173,-4.950931744143497"
6.916666666666667,617,Human,0,345,261,294,-6.916666666666667,"-6.916666666666668,-4.48430107459706,-4.4704541823484405,-4.20593534385552"
3.0,618,Human,2,346,262,1565,-3.0,"-0.5926086993148558,-0.5952424616111719,-3.0000000000000004,-0.8465443844600441"
1.9166666666666667,619,Human,3,340,72,1273,-1.9166666666666667,"-0.7950789098547947,-1.049014594999983,-0.9023623271814084,-1.9166666666666667"
3.9833333333333334,620,Human,1,67,216,220,-3.9833333333333334,"-3.0834787730342472,-3.983333333333334,-3.115756190840823,-3.459601288275045"
22.666666666666668,621,Human,1,227,113,1287,-22.666666666666668,"-2.3051799571277365,-22.66666666666667,-2.357987415604288,-2.3078137194240527"
14.966666666666667,622,Human,2,118,263,1753,-14.966666666666667,"-3.2087411945241886,-3.7149991119068937,-14.966667520010924,-4.003457202126423"
6.533333333333333,623,Human,2,118,102,277,-6.533333333333333,"-4.345698029342839,-4.346177990945911,-6.533333333333333,-4.346177990945911"
1.5833333333333333,624,Human,1,135,264,1341,-1.5833333333333333,"-0.6595930200182968,-1.5833333333333333,-0.7461876578734389,-0.6994778292335596"
5.566666666666666,625,Human,1,347,265,713,-5.566666666666666,"-2.869216147893354,-5.566666666666666,-2.871735946309481,-3.793958168531704"
2.283333333333333,626,Human,2,76,266,851,-2.283333333333333,"-1.2648533711540773,-1.2510064789054571,-2.283333333333333,-1.2523503713940582"
6.25,627,Human,2,293,267,615,-6.25,"-2.977008807435676,-2.7041108793659605,-6.25,-2.637360219418757"
3.45,628,Human,3,339,249,71,-3.45,"-1.3092051075289726,-1.793282381347067,-1.57751564268616,-3.45"
25.233333333333334,629,Human,1,348,92,1182,-25.233333333333334,"-3.275825935081211,-25.233329066601133,-3.4180170807979575,-3.385513525019995"
2.6666666666666665,630,Human,1,8,268,1668,-2.6666666666666665,"-1.1157871085556228,-2.666666666666667,-1.5486524793259608,-1.118420870851939"
39.13333333333333,631,Human,3,349,66,1676,-39.13333333333333,"-4.474908733391763,-4.488755625640385,-4.564840588063079,-39.133356373366105"
4.783333333333333,632,Human,0,350,92,1593,-4.783333333333333,"-4.783333333333333,-3.1686074119956853,-3.06665640985527,-3.2433501946050356"
7.066666666666666,633,Human,3,351,253,830,-7.066666666666666,"-2.8916063566766517,-2.8916063566766517,-3.004589318039743,-7.066666666666666"
4.683333333333334,634,Human,2,352,84,762,-4.683333333333334,"-3.233942543855752,-3.109980143920976,-4.683333333333334,-3.3624159490565653"
6.35,635,Human,1,353,104,349,-6.35,"-3.4714381036347377,-6.35,-3.735956942127659,-3.722110049879038"
2.433333333333333,636,Human,2,353,79,977,-2.433333333333333,"-1.1293362125267674,-1.2199049670264073,-2.433333333333333,-1.377332372833943"
5.25,637,Human,1,354,84,1377,-5.25,"-3.643733760558416,-5.25,-3.456776717121891,-3.648941343951744"
2.533333333333333,638,Human,3,355,269,155,-2.533333333333333,"-0.8561058263487069,-0.8565857879517786,-0.8565857879517786,-2.5333333333333337"
4.783333333333333,639,Human,1,356,270,1095,-4.783333333333333,"-3.7026604125727127,-4.783333333333333,-3.583887719968679,-3.503782762218841"
6.366666666666666,640,Human,3,357,255,677,-6.366666666666666,"-2.053202711923317,-2.197923134289528,-3.3199360902979618,-6.366666666666667"
1.2,641,Human,2,8,271,1313,-1.2,"-0.495692344612431,-0.6124070074394048,-1.2,-0.5707583393328534"
1.75,642,Human,3,358,72,1129,-1.75,"-0.8286984807415061,-0.9152931185966484,-0.8291784423445779,-1.7500000000000002"
14.45,643,Human,0,347,272,1616,-14.45,"-14.450000853344257,-3.423787782162613,-3.463070836354332,-3.546093680763954"
3.0,644,Human,0,359,0,75,-3.0,"-3.0000000000000004,-3.0000000000000004,-3.2087494043233504,-3.2027966232109053"
9.483333333333333,645,Human,3,360,273,600,-9.483333333333333,"-2.915854066582579,-3.103747213348659,-3.0212536346171364,-9.483333333333333"
1.45,646,Human,3,178,274,1555,-1.45,"-0.5507904259372911,-0.5534241882336072,-0.8047261110824794,-1.45"
3.0,647,Human,3,361,269,1360,-3.0,"-0.8536940192932713,-1.0252082981509627,-0.907425720757154,-3.0000000000000004"
6.016666666666667,648,Human,2,362,261,1317,-6.016666666666667,"-3.0843263057473926,-3.1128528236259623,-6.016666666666667,-3.157112690244039"
4.816666666666666,649,Human,3,363,264,1317,-4.816666666666666,"-3.113828578898873,-3.4675242832425255,-3.0000365787329613,-4.816666666666667"
5.1,650,Human,3,364,72,176,-5.1,"-1.0625559906637188,-1.3185195135818848,-1.3379057369667635,-5.1"
4.816666666666666,651,Human,2,284,92,1120,-4.816666666666666,"-3.057880628808954,-3.137985586558793,-4.816666666666666,-3.325554581039235"
3.7,652,Human,0,365,92,520,-3.7,"-3.7000000000000006,-2.6374699447369094,-2.420383311667555,-2.6638798319459327"
3.2333333333333334,653,Human,2,366,232,970,-3.2333333333333334,"-2.1757944070356725,-1.8051320600234333,-3.233333333333334,-1.984841683253575"
5.516666666666667,654,Human,0,129,275,378,-5.516666666666667,"-5.516666666666667,-2.383123035342358,-2.59437813493439,-2.383842977746965"
4.8,655,Human,1,367,92,1439,-4.8,"-2.8476694457036027,-4.8,-2.951569133728561,-2.8536329686217696"
4.616666666666666,656,Human,3,368,92,1237,-4.616666666666666,"-3.1029603885746315,-3.0228554308247935,-3.0152600384561827,-4.616666666666667"
5.166666666666667,657,Human,3,281,19,1491,-5.166666666666667,"-3.199358913441718,-3.387252060207797,-3.4626540280503697,-5.166666666666668"
18.816666666666666,658,Human,3,365,84,1597,-18.816666666666666,"-3.018019500772428,-3.071272439457225,-3.0184994623755,-18.81665983991262"
2.35,659,Human,1,3,72,1011,-2.35,"-1.295271346432557,-2.35,-1.5512348693507227,-1.6155617232024146"
7.116666666666666,660,Human,2,119,84,1625,-7.116666666666666,"-2.999649287316275,-3.215787996219563,-7.1166658133224105,-3.000129248919347"
3.7666666666666666,661,Human,0,369,276,664,-3.7666666666666666,"-3.766666666666667,-2.7398184997052093,-3.086506764644014,-2.9439221714114727"
4.6,662,Human,2,3,13,259,-4.6,"-1.2298372862520492,-1.633088388900111,-4.6,-1.9326142324131883"
2.533333333333333,663,Human,3,370,13,15,-2.533333333333333,"-1.1078938036616726,-1.0257964254573295,-1.104330088758865,-2.5333333333333337"
5.6,664,Human,3,371,277,156,-5.6,"-2.7033320419155937,-2.6272470794928995,-2.613400187244279,-5.6"
5.466666666666667,665,Human,2,352,66,608,-5.466666666666667,"-3.3315816401354557,-3.2076192402006796,-5.466666666666668,-3.3367892235287844"
14.066666666666666,666,Human,1,372,93,1666,-14.066666666666666,"-0.7164866810655146,-14.066660693245954,-1.0701823854091672,-0.819318454523638"
1.95,667,Human,3,373,278,1006,-1.95,"-0.8163786897048235,-0.5164626829853611,-0.8188984881209502,-1.9500000000000002"
2.8333333333333335,668,Human,2,104,13,742,-2.8333333333333335,"-1.2569894192378177,-1.2534257043350097,-2.833333333333334,-1.6131362538034346"
2.3833333333333333,669,Human,3,178,279,622,-2.3833333333333333,"-1.0177812717604826,-1.0204150340567986,-1.0181112183620542,-2.3833333333333333"
3.3666666666666667,670,Human,0,374,55,1569,-3.3666666666666667,"-3.3666666666666667,-2.3147714664308334,-2.31514847330732,-2.682691069899593"
1.5833333333333333,671,Human,2,135,280,783,-1.5833333333333333,"-0.677316866096313,-0.7988612867753292,-1.5833333333333333,-1.043899539482442"
4.8,672,Human,3,373,281,981,-4.8,"-3.1460580005451417,-3.334586918231727,-3.248889774003265,-4.8"
2.1333333333333333,673,Human,3,372,260,798,-2.1333333333333333,"-1.2251004271317951,-1.1963387280677202,-1.2649852363470575,-2.1333333333333333"
5.916666666666667,674,Human,0,375,255,1603,-5.916666666666667,"-5.916666666666667,-2.8824390900579817,-2.987298701289083,-2.8824390900579813"
3.6,675,Human,3,106,85,1295,-3.6,"-1.4919366450683946,-1.3294934731054098,-1.5692464602831775,-3.6000000000000005"
3.0,676,Human,2,124,4,1033,-3.0,"-1.095188384929206,-1.1752570286573956,-3.0000000000000004,-0.7532639225045614"
6.583333333333333,677,Human,1,106,257,1461,-6.583333333333333,"-4.124505895181758,-6.583333333333333,-3.294866553520946,-4.411848751690813"
1.35,678,Human,1,373,282,399,-1.35,"-0.9183465322774176,-1.35,-1.2024118070554357,-0.9506239500839933"
9.6,679,Human,0,67,28,886,-9.6,"-9.6,-6.629938653576818,-6.6323264625521,-6.755100640617854"
10.283333333333333,680,Human,2,376,283,553,-10.283333333333333,"-6.382627172606515,-6.486213934885221,-10.283333333333333,-6.410128972462528"
3.0,681,Human,2,341,284,1787,-3.0,"-3.8487707532116193,-4.358822632384285,-3.0000000000000004,-3.1963563908471078"
17.966666666666665,682,Human,3,377,35,206,-17.966666666666665,"-6.102220500841008,-6.022115543091169,-6.174533976267175,-17.96666666666667"
8.166666666666666,683,Human,3,378,285,1497,-8.166666666666666,"-6.081253558005888,-5.742389617901408,-5.832321472572723,-8.166666666666666"
2.3833333333333333,684,Human,1,72,286,617,-2.3833333333333333,"-1.4949088276690372,-2.3833333333333333,-1.6088544059003298,-1.6859252342316622"
19.233333333333334,685,Human,1,379,19,1708,-19.233333333333334,"-5.949433369163198,-19.233326506568364,-5.935586476914578,-5.94991333076627"
5.733333333333333,686,Human,1,124,19,1724,-5.733333333333333,"-3.708969074939354,-5.733332479989078,-3.521075928173275,-3.709268996940194"
6.216666666666667,687,Human,1,63,19,1224,-6.216666666666667,"-4.4903665487839035,-6.216666666666667,-3.708888172505009,-3.5209950257389284"
21.583333333333332,688,Human,2,380,50,1787,-21.583333333333332,"-3.821485477573802,-4.26722768434923,-21.583335893377022,-7.093580495620388"
8.383333333333333,689,Human,3,35,3,839,-8.383333333333333,"-5.937120556739519,-5.934500814765322,-5.953487103358166,-8.383333333333335"
7.916666666666667,690,Human,1,381,73,218,-7.916666666666667,"-4.615091723198388,-7.916666666666668,-4.464587763515163,-5.016624794797264"
3.433333333333333,691,Human,1,382,66,302,-3.433333333333333,"-1.4206771290246645,-3.433333333333333,-2.655006506886856,-1.9192859639902344"
5.933333333333334,692,Human,2,383,287,238,-5.933333333333334,"-3.5923167140058148,-3.623142247963098,-5.933333333333334,-3.5930366564104226"
1.95,693,Human,1,293,288,219,-1.95,"-0.7275624322691449,-1.9500000000000002,-0.8004805988158211,-0.8932451776495144"
2.55,694,Human,2,118,85,528,-2.55,"-1.4326613870890328,-1.270218215126048,-2.55,-1.461909074276758"
2.966666666666667,695,Human,2,369,66,234,-2.966666666666667,"-0.9741690278905768,-0.974468949891416,-2.966666666666667,-1.096847213635717"
2.033333333333333,696,Human,3,384,3,456,-2.033333333333333,"-0.645339377350262,-0.6457953408731801,-0.6478591757663887,-2.033333333333333"
10.516666666666667,697,Human,2,385,19,1124,-10.516666666666667,"-7.217206709209254,-7.277850577987866,-10.516666666666667,-7.16870730944935"
8.316666666666666,698,Human,3,269,234,357,-8.316666666666666,"-5.177452787581617,-5.199879267172735,-5.287797227733488,-8.316666666666666"
5.2,699,Human,1,140,115,1575,-5.2,"-2.847415358979809,-5.2,-2.8478953205828805,-2.878240892937092"
11.416666666666666,700,Human,0,106,89,1267,-11.416666666666666,"-11.416666666666666,-7.661911153031388,-7.625137848523931,-7.6739170352979"
5.666666666666667,701,Human,2,12,3,737,-5.666666666666667,"-2.9314792967015193,-3.4428963346745705,-5.666666666666668,-2.931959258304591"
5.633333333333334,702,Human,3,386,21,601,-5.633333333333334,"-2.177870010495199,-2.450767938564915,-2.17834997209827,-5.633333333333334"
23.35,703,Human,1,387,289,1103,-23.35,"-2.265520552484439,-23.34999999998908,-2.274495834461881,-2.338294730550194"
12.05,704,Human,1,126,97,582,-12.05,"-4.802061574068385,-12.05,-4.799441832094188,-5.313158253516458"
5.516666666666667,705,Human,3,388,290,1416,-5.516666666666667,"-4.298073535801507,-4.80997053537763,-4.298793478206115,-5.516666666666667"
5.6,706,Human,2,389,3,692,-5.6,"-3.026457287897998,-3.02693724950107,-5.6,-3.0289770863141245"
3.0,707,Human,1,390,291,805,-3.0,"-2.568179736008932,-3.0000000000000004,-3.076134989636639,-2.5686596976120035"
5.416666666666667,708,Human,1,391,208,146,-5.416666666666667,"-3.2732070770786037,-5.416666666666668,-3.5824907905639978,-3.3317705024487516"
3.6333333333333333,709,Human,2,118,51,878,-3.6333333333333333,"-2.599533227729594,-2.097557116524894,-3.6333333333333333,-2.6303587616868773"
4.933333333333334,710,Human,3,392,3,220,-4.933333333333334,"-3.632512015182258,-3.725764753820487,-3.632967978705176,-4.933333333333334"
3.3833333333333333,711,Human,1,60,35,1583,-3.3833333333333333,"-1.6586617471787442,-3.3833333333333337,-1.659141708781816,-1.62662335406772"
1.0833333333333333,712,Human,0,118,66,816,-1.0833333333333333,"-1.0833333333333335,-0.8414955877603865,-0.8414955877603865,-0.8416756273626188"
3.816666666666667,713,Human,0,118,35,1758,-3.816666666666667,"-3.8166666666666673,-2.939536467588924,-2.9313615057395332,-2.930827852278149"
1.6,714,Human,3,393,3,1786,-1.6,"-0.5361051115910727,-0.4518358531317494,-0.6033117350611951,-1.6000000000000003"
20.433333333333334,715,Human,3,394,7,1321,-20.433333333333334,"-4.416667124884623,-4.088866544609316,-4.560882054988244,-20.433332480043692"
7.933333333333334,716,Human,2,395,35,792,-7.933333333333334,"-2.0645147889034066,-2.0734900708808484,-7.9333333333333345,-2.0649947505064783"
11.533333333333333,717,Human,0,241,117,1487,-11.533333333333333,"-11.533334186677589,-8.169961983360787,-8.22244662012406,-8.155036012972634"
3.6333333333333333,718,Human,3,396,66,1553,-3.6333333333333333,"-1.6416164782490157,-1.68663869711912,-2.1530335162220675,-3.6333333333333337"
2.3,719,Human,3,301,72,159,-2.3,"-1.0423565826618624,-0.9440364770818336,-1.1093472522198224,-2.3"
3.0,720,Human,3,178,109,1659,-3.0,"-1.0709863210943125,-1.063390928725702,-1.198776097912167,-3.0000000000000004"
3.0,721,Human,1,397,292,572,-3.0,"-0.7390618702040006,-3.0000000000000004,-0.7395418318070723,-0.7501729813151117"
2.1666666666666665,722,Human,1,398,293,1152,-2.1666666666666665,"-0.9603911687065037,-2.166666666666667,-0.9608711303095752,-0.9737101031917448"
6.1,723,Human,1,169,120,127,-6.1,"-2.9627494019086793,-6.1,-3.1673657088631155,-3.008453745561187"
2.9166666666666665,724,Human,3,345,294,283,-2.9166666666666665,"-1.4667420027766325,-1.261627069834413,-1.4584470217172538,-2.916666666666667"
1.3666666666666667,725,Human,2,399,21,1138,-1.3666666666666667,"-0.4544516438684904,-0.5370290376769857,-1.366666666666667,-0.6717302615790736"
2.0166666666666666,726,Human,3,25,21,1552,-2.0166666666666666,"-0.2655987520998319,-0.6587473002159826,-1.2945044396448284,-2.0166666666666666"
3.75,727,Human,1,400,257,6,-3.75,"-2.5308956988122824,-3.75,-2.403027114373467,-2.5860792841254567"
4.5,728,Human,2,16,263,1018,-4.5,"-1.455291360604717,-1.1265844998906689,-4.5,-1.5677943603647364"
2.4,729,Human,0,344,4,949,-2.4,"-2.4,-0.781605471562275,-0.7829493640508759,-0.87485001199904"
1.6833333333333333,730,Human,3,297,255,580,-1.6833333333333333,"-0.2912167026637868,-1.302398367554365,-0.3844612431005519,-1.6833333333333333"
1.7166666666666666,731,Human,1,123,295,1250,-1.7166666666666666,"-1.0685145188384928,-1.7166666666666668,-0.9713582913366928,-1.1204343652507798"
1.4166666666666667,732,Human,2,401,79,1502,-1.4166666666666667,"-0.4559635229181665,-0.5465322774178065,-1.416666666666667,-0.6110871130309575"
1.9,733,Human,2,402,253,1376,-1.9,"-0.7792776577873769,-0.7730981521478281,-1.9000000000000001,-0.8725221982241419"
2.1,734,Human,1,403,257,1747,-2.1,"-1.314097042704771,-2.1,-1.3145770043078424,-1.3145770043078424"
2.0166666666666666,735,Human,0,345,296,247,-2.0166666666666666,"-2.0166666666666666,-1.0092152627789777,-1.0769138468922486,-1.1427525797936164"
3.05,736,Human,2,404,297,165,-3.05,"-1.8449298797992917,-1.979139143058231,-3.05,-2.1343467264515597"
2.1333333333333333,737,Human,3,66,253,509,-2.1333333333333333,"-0.8956323494120468,-0.9898248140148788,-0.9540196784257258,-2.1333333333333333"
2.2666666666666666,738,Human,2,405,253,425,-2.2666666666666666,"-1.0766618670506358,-1.2050155987520996,-2.2666666666666666,-1.1708543316534676"
3.65,739,Human,3,406,177,705,-3.65,"-0.9922793595479948,-1.2978589131837035,-1.814506839452844,-3.65"
1.7333333333333334,740,Human,3,407,298,1220,-1.7333333333333334,"-0.8375449964002879,-0.9317374610031196,-1.0594912407007435,-1.7333333333333334"
2.0166666666666666,741,Human,1,408,299,965,-2.0166666666666666,"-0.8090987150799845,-2.0166666666666666,-0.8753334163038865,-1.3176694435873697"
4.383333333333334,742,Human,2,409,167,483,-4.383333333333334,"-2.006395488360931,-2.111735061195104,-4.383333333333334,-2.332613390928725"
4.75,743,Human,1,355,300,1211,-4.75,"-0.5715622750179985,-4.75,-0.963906887449004,-2.126577873770098"
4.2,744,Human,0,410,55,17,-4.2,"-4.2,-2.4977547390446464,-2.5522423800333676,-2.4770443958721"
3.033333333333333,745,Human,2,401,263,612,-3.033333333333333,"-1.5122216489187468,-1.8409285096327948,-3.033333333333333,-2.0140026637004698"
2.1166666666666667,746,Human,3,16,79,227,-2.1166666666666667,"-0.8091192704583633,-0.8073554115670746,-0.809599232061435,-2.1166666666666667"
2.1,747,Human,2,411,255,940,-2.1,"-0.3396448284137268,-0.4328893688504919,-2.1000000000000005,-0.4160907127429806"
4.8,748,Human,2,412,301,861,-4.8,"-1.5197249814252556,-1.520204943028327,-4.8,-1.4453309329491335"
3.15,749,Human,3,413,302,1761,-3.15,"-0.8432085433165347,-1.0574874010079194,-0.8846772258219343,-3.1500000000000004"
3.0,750,Human,1,414,263,1270,-3.0,"-1.682339314415471,-3.0000000000000004,-1.422756806106172,-1.42470792492663"
4.083333333333333,751,Human,0,340,174,159,-4.083333333333333,"-4.083333333333333,-2.755386085280761,-2.530524074241644,-2.530524074241644"
4.866666666666666,752,Human,2,415,303,519,-4.866666666666666,"-2.376550247504506,-2.3791840098008223,-4.866666666666666,-2.4398991525894"
12.583333333333334,753,Human,2,416,21,1348,-12.583333333333334,"-2.397660187185025,-2.1247622591153092,-12.58333504003277,-2.6107151427885773"
3.1333333333333333,754,Human,2,417,257,711,-3.1333333333333333,"-2.000538127417994,-2.2257721086994913,-3.1333333333333337,-2.2485342877251697"
8.133333333333333,755,Human,0,364,21,320,-8.133333333333333,"-8.133333333333333,-5.114532762660211,-5.0216879501491745,-2.7738913239330953"
3.0,756,Human,2,418,72,1100,-3.0,"-1.1869436039354546,-1.2007904961840747,-3.0000000000000004,-1.488133352693129"
1.65,757,Human,3,419,304,337,-1.65,"-0.7165586753059754,-0.7991360691144708,-0.8313414926805853,-1.6500000000000001"
1.6,758,Human,1,50,245,581,-1.6,"-0.810258242966013,-1.6000000000000003,-0.9242038211973056,-1.207817266575457"
1.3166666666666667,759,Human,1,405,21,1728,-1.3166666666666667,"-0.4979721622270218,-1.3166666666666669,-0.8303335733141347,-0.5762538996880249"
1.85,760,Human,1,123,108,1773,-1.85,"-0.8004251520622649,-1.8500000000000003,-0.5764458843292536,-0.7782130850900475"
1.45,761,Human,0,81,79,687,-1.45,"-1.45,-0.6974588827611677,-0.7429715298646455,-0.7522947840043144"
3.3333333333333335,762,Human,3,420,305,1582,-3.3333333333333335,"-2.461862916512898,-2.368282402953983,-2.4073752755241773,-3.333333333333334"
1.6166666666666667,763,Human,1,421,21,279,-1.6166666666666667,"-1.010355171586273,-1.6166666666666667,-1.038588912886969,-1.1387089032877369"
2.8666666666666667,764,Human,0,422,99,832,-2.8666666666666667,"-2.866666666666667,-1.7913099437039035,-1.7252312300009998,-1.7161119595426364"
1.7833333333333334,765,Human,2,423,21,1272,-1.7833333333333334,"-0.8589152867770578,-0.8593952483801295,-1.7833333333333334,-0.8405207583393329"
3.6,766,Human,0,337,305,146,-3.6,"-3.6000000000000005,-2.3713181600934115,-1.9915022740557708,-2.414826679411866"
2.8666666666666667,767,Human,3,424,253,1176,-2.8666666666666667,"-0.5994840412766979,-1.1635829133669304,-0.6927285817134629,-2.866666666666667"
2.85,768,Human,0,425,79,368,-2.85,"-2.8500000000000005,-1.0619750419966405,-0.7105234462395468,-0.665010799136069"
3.183333333333333,769,Human,1,422,79,99,-3.183333333333333,"-2.3185130783775,-3.1833333333333336,-2.306922005663317,-2.2794202058073054"
1.9,770,Human,2,426,297,1313,-1.9,"-0.919258459323254,-0.9253779697624188,-1.9000000000000001,-1.2622870170386369"
1.5333333333333334,771,Human,3,427,21,1263,-1.5333333333333334,"-0.6501799856011519,-0.4799579875146602,-0.4901127909767219,-1.5333333333333337"
3.033333333333333,772,Human,1,345,79,422,-3.033333333333333,"-2.054882168850262,-3.033333333333333,-2.1742966156945145,-2.2564420440602455"
1.8,773,Human,3,424,21,548,-1.8,"-0.5932325413966882,-1.1128389728821697,-1.1045716342692582,-1.8000000000000003"
3.05,774,Human,3,428,255,1309,-3.05,"-1.9165092386846747,-1.967193183969052,-0.98177345812335,-3.05"
9.9,775,Human,2,147,306,669,-9.9,"-3.5167856093427083,-3.5954573681969215,-9.9,-3.576153312521375"
3.55,776,Human,2,85,290,1223,-3.55,"-2.3263714989235433,-2.131664832959822,-3.55,-2.0515598752099833"
2.25,777,Human,1,143,255,985,-2.25,"-0.6618190544756419,-2.25,-1.5970347966400382,-1.2684905207583392"
5.983333333333333,778,Human,3,332,295,730,-5.983333333333333,"-2.9569342783520858,-2.6840363502823696,-2.9523468854395563,-5.983333333333334"
3.5833333333333335,779,Human,0,407,307,626,-3.5833333333333335,"-3.583333333333334,-2.2869316048953774,-2.2730847126467575,-2.7167122716617245"
3.183333333333333,780,Human,2,429,253,166,-3.183333333333333,"-0.6734341252699785,-0.9359601724058956,-3.1833333333333336,-0.7864170866330694"
4.766666666666667,781,Human,2,294,253,255,-4.766666666666667,"-0.7726616924667635,-0.8851646922267827,-4.766666666666667,-0.7740055849553644"
2.15,782,Human,1,371,257,429,-2.15,"-1.2133013464565092,-2.15,-2.1843036278586307,-1.3327157933007616"
5.3,783,Human,3,294,257,700,-5.3,"-1.9099168825197463,-1.9451700622653672,-2.1229718381232985,-5.300000000000001"
4.583333333333333,784,Human,1,353,305,726,-4.583333333333333,"-1.2496598927547984,-4.583333333333333,-1.497656053061974,-1.2589831468944672"
1.15,785,Human,2,294,79,243,-1.15,"-0.503427231223663,-0.5939959857233029,-1.15,-0.6585508213364539"
3.35,786,Human,1,344,72,46,-3.35,"-1.935479721046086,-3.35,-1.0145908327333812,-1.0007439404847611"
3.8333333333333335,787,Human,0,430,257,1605,-3.8333333333333335,"-3.833333333333334,-2.0665688449605906,-2.1652969467124503,-2.0701085617832446"
1.1333333333333333,788,Human,2,123,308,450,-1.1333333333333333,"-0.540089080988767,-0.4945764338852891,-1.1333333333333333,-0.5324936886201564"
7.383333333333334,789,Human,3,431,309,1016,-7.383333333333334,"-0.8179145668346532,-0.8459683225341973,-0.9232541396688264,-7.383333333333334"
3.95,790,Human,2,432,253,1288,-3.95,"-0.6383849292056636,-0.7513678905687545,-3.95,-0.7508879289656828"
4.266666666666667,791,Human,1,178,310,1371,-4.266666666666667,"-1.1568478939451952,-4.266666666666667,-1.2693508937052145,-1.157327855548267"
2.933333333333333,792,Human,3,433,72,658,-2.933333333333333,"-0.5760499160067194,-0.8538876889848812,-0.6813894888408927,-2.9333333333333336"
3.0,793,Human,3,178,311,1715,-3.0,"-0.8389728821694264,-1.064314854811615,-1.090291825873618,-3.0000000000000004"
2.0166666666666666,794,Human,1,434,312,171,-2.0166666666666666,"-1.4743580513558918,-2.0166666666666666,-1.604787616990641,-1.5803812525730234"
3.6,795,Human,2,344,290,1256,-3.6,"-1.5919476934042154,-2.5266834739655404,-3.6000000000000005,-1.983776664013338"
19.95,796,Human,2,297,72,1308,-19.95,"-0.7114830813534916,-0.6976361891048715,-19.950000853333336,-0.8845572354211662"
3.0,797,Human,0,435,72,1419,-3.0,"-3.0000000000000004,-1.1756053177210408,-1.2608111351091913,-1.0705303575713945"
3.7666666666666666,798,Human,0,436,257,24,-3.7666666666666666,"-3.766666666666667,-2.374997356754077,-2.3243134114696993,-2.373070869816609"
3.0,799,Human,2,289,31,1626,-3.0,"-0.9410007199424044,-0.9271538276937844,-3.0022169883553156,-2.1959668820732037"
2.0166666666666666,800,Human,2,437,305,1298,-2.0166666666666666,"-1.1325747001464377,-1.342605897650637,-2.0166666666666666,-1.2558048417351104"
1.5,801,Human,1,438,31,107,-1.5,"-0.4552195824334053,-1.5000000000000002,-0.4565634749220062,-0.6282937365010798"
3.0,802,Human,3,439,72,1467,-3.0,"-0.7918046556275498,-1.38242077248466,-0.7779577633789296,-3.0000000000000004"
2.6166666666666667,803,Human,2,403,255,284,-2.6166666666666667,"-0.5551715862730981,-1.4899073668344225,-2.6166666666666667,-1.1919126469882408"
3.0,804,Human,3,440,257,1716,-3.0,"-2.197394378917874,-2.4104493345214255,-2.4453905392250497,-3.0000000000000004"
3.0,805,Human,3,441,72,1196,-3.0,"-0.5064434845212382,-0.5202903767698583,-0.6795176385889128,-3.0000000000000004"
1.2333333333333334,806,Human,2,20,79,592,-1.2333333333333334,"-0.6169056967639468,-0.6173856583670185,-1.2333333333333334,-0.7283167838769777"
3.0,807,Human,2,433,257,1152,-3.0,"-2.032083603779885,-2.2451385593834368,-3.0000000000000004,-2.2000120134446868"
3.933333333333333,808,Human,2,442,257,738,-3.933333333333333,"-2.0096379516529437,-1.930060951666484,-3.933333333333333,-1.9357658542178573"
2.55,809,Human,3,367,309,89,-2.55,"-1.283225341972642,-1.117914566834653,-1.1707220253112045,-2.55"
3.0,810,Human,1,16,72,1423,-3.0,"-0.4959323254139668,-3.0000000000000004,-0.4964122870170386,-0.4964122870170386"
2.7333333333333334,811,Human,2,443,253,547,-2.7333333333333334,"-0.9718022558195344,-1.084785217182625,-2.733333333333334,-0.9722822174226062"
3.1166666666666667,812,Human,1,124,257,1650,-3.1166666666666667,"-2.5062376714544707,-3.116666666666667,-2.5067176330575425,-2.5067176330575425"
4.933333333333334,813,Human,3,444,290,261,-4.933333333333334,"-1.3395368370530356,-1.4053755699544035,-1.3281497480201585,-4.933333333333334"
3.0,814,Human,3,416,313,1232,-3.0,"-0.577933765298776,-0.6807655387568994,-0.6316654667626589,-3.0000000000000004"
5.066666666666666,815,Human,1,361,257,175,-5.066666666666666,"-2.046002490268966,-5.066666666666667,-2.0464824518720377,-2.0464824518720377"
1.35,816,Human,3,445,72,845,-1.35,"-0.573746100311975,-0.5742260619150468,-0.6017998560115191,-1.35"
1.9833333333333334,817,Human,0,136,290,196,-1.9833333333333334,"-1.9833333333333336,-1.2020038396928243,-1.124778017758579,-1.1366450683945282"
2.3833333333333333,818,Human,3,124,93,357,-2.3833333333333333,"-0.8794216462682986,-1.1402087832973364,-1.233117350611951,-2.3833333333333333"
1.8,819,Human,2,361,72,1174,-1.8,"-0.5899688024958003,-0.7614830813534917,-1.8000000000000003,-0.590448764098872"
1.3333333333333333,820,Human,3,416,93,734,-1.3333333333333333,"-0.455699544036477,-0.5585313174946004,-0.6728581713462923,-1.3333333333333335"
17.4,821,Human,3,446,72,1510,-17.4,"-0.2505879529637629,-0.2510679145668346,-0.2510679145668346,-17.399999999989078"
18.983333333333334,822,Human,3,447,55,1387,-18.983333333333334,"-0.9784977201823852,-1.129277657787377,-1.0332613390928729,-18.983327359978155"
2.033333333333333,823,Human,3,370,290,31,-2.033333333333333,"-0.752963762898968,-0.6871250299976001,-0.6757379409647227,-2.033333333333333"
6.35,824,Human,0,138,130,1723,-6.35,"-6.35,-4.683705480487537,-4.434983198198091,-4.732204880247441"
6.116666666666666,825,Human,1,448,314,1080,-6.116666666666666,"-2.9461333648863657,-6.116666666666667,-2.9715713298491684,-2.991837708538873"
5.866666666666666,826,Human,1,449,120,1763,-5.866666666666666,"-3.5711161157603097,-5.866666666666667,-4.077187630039168,-3.775216463991444"
12.95,827,Human,1,450,315,322,-12.95,"-2.2641368524183503,-12.95,-2.390059444677576,-2.4100752277684903"
3.0,828,Human,2,451,316,442,-3.0,"-2.2878440232346633,-2.296819305212105,-3.0000000000000004,-2.4137666154938895"
2.4833333333333334,829,Human,2,65,317,1181,-2.4833333333333334,"-1.093073609666782,-1.118511574629585,-2.4833333333333334,-1.268331502600773"
6.616666666666666,830,Human,2,315,120,174,-6.616666666666666,"-3.1158265830606733,-3.5173596546595496,-6.616666666666666,-3.563063998312057"
5.8,831,Human,2,452,39,953,-5.8,"-2.94511585460927,-3.3466489262081467,-5.8,-2.990820198261778"
4.75,832,Human,3,53,170,125,-4.75,"-2.40518789565953,-2.003654824060654,-2.049359167713162,-4.75"
2.1333333333333333,833,Human,3,192,10,875,-2.1333333333333333,"-1.1871505693710172,-1.2045175161497286,-1.367382662208152,-2.1333333333333333"
25.266666666666666,834,Human,2,397,139,606,-25.266666666666666,"-4.9253449607763775,-4.523811889177502,-25.266667520021848,-4.505226341263227"
6.216666666666667,835,Human,1,100,318,324,-6.216666666666667,"-4.742410706765732,-6.216666666666667,-4.710372313654708,-3.350277197748635"
1.95,836,Human,2,192,319,331,-1.95,"-1.0461584633853542,-1.1185874349739895,-1.9500000000000002,-1.0635254101640657"
4.333333333333333,837,Human,3,453,170,49,-4.333333333333333,"-2.285680092538281,-1.8841470209394051,-1.9298513645919129,-4.333333333333334"
4.683333333333334,838,Human,1,11,320,829,-4.683333333333334,"-2.4687393519841936,-4.683333333333334,-2.4692193135872653,-2.4695396721122447"
1.8,839,Human,0,454,87,1552,-1.8,"-1.8000000000000003,-1.0862621794578162,-1.0380435255455671,-1.0152933455599662"
2.7,840,Human,1,184,141,1055,-2.7,"-0.7919001725960363,-2.7,-0.8059630475660385,-0.896778884339913"
3.6,841,Human,3,79,130,358,-3.6,"-1.0082823626210742,-1.3039806419327986,-1.14029580154596,-3.6000000000000005"
1.6333333333333333,842,Human,3,180,154,854,-1.6333333333333333,"-0.4401730454600847,-0.8038208515947776,-0.5721864843849707,-1.6333333333333333"
1.8833333333333333,843,Human,2,192,321,1754,-1.8833333333333333,"-0.6628391889513184,-0.7721024478906032,-1.8833333333333335,-0.7948526278762044"
5.2,844,Human,2,455,96,899,-5.2,"-0.9998518485868068,-1.125141964633225,-5.2,-1.2244016685147776"
3.1166666666666667,845,Human,2,456,173,1728,-3.1166666666666667,"-1.9924442768250905,-2.055463235308412,-3.116666666666667,-2.1941481405159955"
3.15,846,Human,3,457,322,1751,-3.15,"-0.944577831132453,-1.7627851140456183,-1.646938775510204,-3.1500000000000004"
4.416666666666667,847,Human,2,458,87,1558,-4.416666666666667,"-1.2062224889955984,-2.210244097639055,-4.416666666666667,-1.2875159855158769"
3.2333333333333334,848,Human,3,75,154,16,-3.2333333333333334,"-0.5351340536214486,-0.9054221688675472,-0.7365546218487394,-3.2333333333333334"
2.533333333333333,849,Human,1,206,10,212,-2.533333333333333,"-1.558749316861374,-2.5333333333333337,-1.707708900694907,-1.887940993532042"
4.933333333333334,850,Human,1,457,96,467,-4.933333333333334,"-2.222030725195612,-4.933333333333334,-2.4708702610099373,-2.347953317454838"
4.35,851,Human,1,59,32,1375,-4.35,"-2.2312609186184593,-4.35,-2.2345606546395778,-2.2942798771017805"
3.066666666666667,852,Human,3,23,91,1464,-3.066666666666667,"-1.4307723089235695,-1.5374149659863945,-1.5952380952380951,-3.0666666666666673"
4.566666666666666,853,Human,3,458,154,1101,-4.566666666666666,"-2.1168267306922774,-2.2234693877551024,-2.196978791516607,-4.566666666666666"
2.8333333333333335,854,Human,2,202,32,1582,-2.8333333333333335,"-1.5974904996129056,-1.658674973402421,-2.833333333333334,-1.8220403195408763"
2.8666666666666667,855,Human,3,459,323,1128,-2.8666666666666667,"-1.3651958242085789,-1.6552391978947785,-1.761881854957604,-2.8666666666666667"
5.3,856,Human,1,217,9,712,-5.3,"-3.6935731659593705,-5.300000000000001,-4.512891620483009,-3.967211274910654"
2.35,857,Human,2,192,226,521,-2.35,"-1.159703881552621,-1.4694126750772305,-2.35,-1.2321328531412563"
2.35,858,Human,3,254,324,1312,-2.35,"-1.1739344838007195,-1.1837735094037614,-1.4934823029283706,-2.35"
2.0,859,Human,3,460,87,1495,-2.0,"-0.2607442977190876,-0.3219287715086034,-0.4621648659463785,-2.0"
4.716666666666667,860,Human,2,453,147,295,-4.716666666666667,"-2.326747760637622,-1.7451542881154238,-4.716666666666667,-2.1154424033615227"
4.366666666666666,861,Human,1,116,147,403,-4.366666666666666,"-3.941573691009772,-4.366666666666666,-4.0482163480725974,-3.440132279311903"
5.15,862,Human,0,223,325,837,-5.15,"-5.15,-4.23745611885492,-3.642956014997682,-3.8272929319098754"
2.3333333333333335,863,Human,0,189,147,600,-2.3333333333333335,"-2.3333333333333335,-1.2520199861585002,-1.453723849849405,-1.3150389446418216"
6.25,864,Human,2,461,117,104,-6.25,"-4.3355723853118775,-4.500038171626404,-6.25,-4.481510760662018"
8.2,865,Human,2,462,326,1706,-8.2,"-4.480532339903698,-4.078999268304821,-8.199999146666666,-4.526236683556206"
5.766666666666667,866,Human,2,381,327,1092,-5.766666666666667,"-3.2245492799123787,-3.709701181474657,-5.766666666666667,-3.956624860953648"
6.083333333333333,867,Human,0,392,56,1629,-6.083333333333333,"-6.083333333333334,-4.564659963524227,-4.610364307176735,-4.5900979284870305"
7.483333333333333,868,Human,2,463,126,897,-7.483333333333333,"-5.473661476183041,-5.448223511220239,-7.483333333333334,-5.649927374911143"
8.6,869,Human,0,253,46,1068,-8.6,"-8.6,-6.318611460513277,-6.2306934999525225,-6.392548825235982"
8.1,870,Human,3,48,6,281,-8.1,"-5.20174798228158,-5.41375217920873,-5.244008601432046,-8.100000000000001"
2.8833333333333333,871,Human,2,464,50,142,-2.8833333333333333,"-1.3262129473819766,-2.0571206996295217,-2.8833333333333333,-1.4316125154165336"
1.9333333333333333,872,Human,2,115,328,1642,-1.9333333333333333,"-0.9720880288760574,-0.9848060606532032,-1.9333333333333336,-1.1631044354386824"
2.7666666666666666,873,Human,3,465,62,1254,-2.7666666666666666,"-1.813276973856497,-1.8005589420793513,-1.8555776572510272,-2.7666666666666666"
1.95,874,Human,3,466,51,751,-1.95,"-1.070386369090473,-1.0130309575233982,-1.019042476601872,-1.9500000000000002"
6.45,875,Human,3,192,329,316,-6.45,"-4.361281813727558,-4.195160275119314,-4.525747600042085,-6.45"
7.85,876,Human,3,467,330,1487,-7.85,"-4.698383024616009,-5.118981605732231,-5.099916096214884,-7.849999146655744"
3.683333333333333,877,Human,1,452,35,959,-3.683333333333333,"-2.921059979146074,-3.6833333333333336,-2.5080147610588392,-2.7549384405378303"
3.283333333333333,878,Human,3,457,225,1519,-3.283333333333333,"-2.175409598876646,-2.321347974226786,-2.424249134690972,-3.2833333333333337"
4.383333333333334,879,Human,3,468,46,1555,-4.383333333333334,"-3.0260392511887755,-3.1739394191753365,-3.0578367073922794,-4.383333333333335"
3.3833333333333333,880,Human,1,89,35,1157,-3.3833333333333333,"-2.143588990750716,-3.3833333333333337,-2.252772664220104,-2.289527366100856"
6.65,881,Human,2,397,173,1473,-6.65,"-4.497681651963717,-4.52311961692652,-6.65,-4.506656933941159"
12.833333333333334,882,Human,0,469,331,1656,-12.833333333333334,"-12.833333333333334,-3.528983130528262,-3.7936336283386423,-3.2915239385497546"
3.0,883,Human,3,470,332,1489,-3.0,"-1.717313426814623,-1.3123290518551365,-1.7181137469426742,-3.0000000000000004"
3.8,884,Human,2,2,333,43,-3.8,"-2.3079090486911418,-2.275870655580118,-3.8,-2.316884330668584"
7.883333333333334,885,Human,2,471,154,1034,-7.883333333333334,"-4.0484050765985815,-4.469003657714804,-7.883333333333335,-4.194343451948721"
8.9,886,Human,3,167,327,1391,-8.9,"-4.678038035653694,-4.903096824423537,-4.869758698000706,-8.900000853344258"
6.033333333333333,887,Human,2,100,334,1060,-6.033333333333333,"-2.972581234475032,-2.5465335712781725,-6.033333333333334,-2.940542841364008"
6.9,888,Human,3,55,82,32,-6.9,"-4.480371081516125,-4.5058090464789275,-4.90994494460979,-6.9"
5.266666666666667,889,Human,1,472,335,160,-5.266666666666667,"-3.3062949032278928,-5.2666666666666675,-3.306774864830964,-3.387480408387479"
7.433333333333334,890,Human,2,473,198,47,-7.433333333333334,"-4.845595284948397,-4.8710332499112,-7.433333333333334,-5.26619386606462"
3.533333333333333,891,Human,1,474,35,1180,-3.533333333333333,"-2.0754017158407523,-3.533333333333333,-2.840972854303337,-2.239867502155278"
12.116666666666667,892,Human,1,475,50,508,-12.116666666666667,"-3.036255922518151,-12.116666666666669,-3.433814946127595,-3.1117892558514844"
8.25,893,Human,2,224,225,1003,-8.25,"-3.9442167566547184,-4.193601974860426,-8.25,-3.9959686165059303"
2.566666666666667,894,Human,2,476,35,204,-2.566666666666667,"-1.314045461428472,-1.3143121280951386,-2.5666666666666673,-1.3895787947618057"
3.5,895,Human,1,477,242,355,-3.5,"-1.3910307555547614,-3.5000000000000004,-1.8116293366709844,-1.7193112974331397"
2.4833333333333334,896,Human,1,475,336,716,-2.4833333333333334,"-1.6444910616039607,-2.4833333333333334,-1.6449710232070325,-1.6449710232070325"
7.183333333333334,897,Human,2,475,106,1179,-7.183333333333334,"-4.965841765547645,-5.0413750988809785,-7.183333333333334,-4.966642085675696"
1.9333333333333333,898,Human,0,478,242,276,-1.9333333333333333,"-1.9333333333333336,-1.04058931519083,-1.0324143533414394,-1.1043882112791428"
2.7666666666666666,899,Human,2,479,337,293,-2.7666666666666666,"-1.9091873466449216,-1.934785562893264,-2.7666666666666666,-2.090481217685058"
20.816666666666666,900,Human,2,480,338,1155,-20.816666666666666,"-1.0084169901061777,-1.0088969517092494,-20.81666581335518,-1.0088969517092494"
20.416666666666668,901,Human,2,48,2,588,-20.416666666666668,"-1.5539895151725198,-1.601037751313629,-20.41666666666667,-1.9515485387819635"
1.4166666666666667,902,Human,2,21,47,341,-1.4166666666666667,"-0.7986194477791115,-0.9786114445778312,-1.416666666666667,-0.9545709716572012"
4.2,903,Human,3,115,339,647,-4.2,"-1.6584750386835796,-1.6328768224352377,-1.814170693475374,-4.200000000000001"
2.2,904,Human,3,481,340,1301,-2.2,"-0.964774678769996,-1.192948424870308,-0.9884247867613568,-2.2"
2.033333333333333,905,Human,3,482,341,50,-2.033333333333333,"-0.9515939421124824,-1.141418756127361,-1.105229651255751,-2.033333333333333"
2.9166666666666665,906,Human,2,320,51,673,-2.9166666666666665,"-1.5777155624798411,-1.5649975307026955,-2.916666666666667,-1.5953901485129585"
1.3333333333333333,907,Human,0,50,342,1798,-1.3333333333333333,"-1.3333333333333335,-0.4618284318767104,-0.7546255507242494,-0.8235331137494595"
1.8333333333333333,908,Human,1,115,343,435,-1.8333333333333333,"-0.6619958854672177,-1.8333333333333335,-0.8881657918747052,-0.8530122920298429"
2.533333333333333,909,Human,0,483,344,776,-2.533333333333333,"-2.5333333333333337,-1.6135401028662002,-1.6497292077378105,-1.8893361664320152"
8.866666666666667,910,Human,1,484,46,760,-8.866666666666667,"-6.707631984436398,-8.866666666666667,-6.4989698730835785,-8.08752905485564"
28.066666666666666,911,Human,3,485,46,1705,-28.066666666666666,"-6.1810030737818344,-6.206441038744638,-6.189978355759276,-28.066667520010924"
13.3,912,Human,0,33,343,351,-13.3,"-13.3,-3.1784958871215254,-3.207825492306666,-3.693012628671847"
4.7,913,Human,0,44,46,218,-4.7,"-4.7,-3.453923823584213,-3.6159286255049814,-3.4763127791664457"
4.966666666666667,914,Human,2,486,46,494,-4.966666666666667,"-4.214047873204061,-4.239538069282493,-4.966666666666667,-4.476552875204862"
5.7,915,Human,2,60,83,1222,-5.7,"-3.362941714973913,-3.3309033218628894,-5.700000000000001,-3.3883796799367163"
6.5,916,Human,1,30,176,1009,-6.5,"-3.312300532767534,-6.5,-3.321275814744976,-3.757218499954409"
25.266666666666666,917,Human,3,30,83,1652,-25.266666666666666,"-3.793825527249336,-3.8028008092267775,-3.819263492212139,-25.266740053366107"
25.25,918,Human,2,50,318,1776,-25.25,"-4.34393777396499,-4.859341179458768,-25.250002560578906,-4.1768309312278955"
20.016666666666666,919,Human,3,487,345,1262,-20.016666666666666,"-1.4485521606228462,-1.4752620238337892,-1.4493524807508975,-20.016666666699432"
9.333333333333334,920,Human,0,394,346,72,-9.333333333333334,"-9.333333333333334,-7.156662676741077,-7.079293485724135,-7.13284458218864"
7.366666666666666,921,Human,1,488,324,1077,-7.366666666666666,"-4.323369461007019,-7.366666666666667,-4.323669383007858,-4.332344742984461"
14.716666666666667,922,Human,1,489,223,677,-14.716666666666667,"-4.723343079714912,-14.716666666666667,-4.556236236977817,-4.732318361692354"
12.116666666666667,923,Human,0,37,28,643,-12.116666666666667,"-12.116666666666669,-2.8244307430019684,-2.8220429340266864,-2.78102925893822"
6.883333333333334,924,Human,3,490,347,58,-6.883333333333334,"-4.392154817989424,-4.389535076015227,-4.423667423031442,-6.883333333333335"
5.616666666666666,925,Human,2,491,97,184,-5.616666666666666,"-4.3300540769921465,-4.332673818966344,-5.616666666666666,-4.242136116431393"
2.316666666666667,926,Human,1,481,348,790,-2.316666666666667,"-1.371278489797647,-2.316666666666667,-1.402188017035468,-1.5215986178488674"
1.8,927,Human,2,74,349,79,-1.8,"-1.0936452820869165,-0.8926177757631237,-1.8000000000000003,-0.9026397888168946"
3.3333333333333335,928,Human,3,492,350,1279,-3.3333333333333335,"-0.444060475161987,-0.6702303815694745,-0.4911087113030957,-3.333333333333334"
3.183333333333333,929,Human,1,493,175,224,-3.183333333333333,"-1.5430721581877411,-3.1833333333333336,-1.7289823321925482,-2.0698990588544155"
16.233333333333334,930,Human,3,494,220,1465,-16.233333333333334,"-1.115659615150913,-1.1246348971283548,-1.1161395767539848,-16.233334186721283"
4.516666666666667,931,Human,2,495,28,809,-4.516666666666667,"-2.4403473241061415,-2.860945905222364,-4.516666666666667,-2.4408272857092137"
1.6666666666666667,932,Human,3,496,2,836,-1.6666666666666667,"-0.7358402828373971,-0.7780200633169033,-0.7625501460483401,-1.666666666666667"
2.183333333333333,933,Human,2,327,35,1746,-2.183333333333333,"-0.8419114096379906,-0.917444742971324,-2.1833333333333336,-0.9454689583674256"
3.7333333333333334,934,Human,3,497,2,1525,-3.7333333333333334,"-0.5205682272909163,-1.687270790245544,-0.5894757903161264,-3.7333333333333334"
2.933333333333333,935,Human,0,498,351,1693,-2.933333333333333,"-2.9333333333333336,-1.394024811140258,-1.8877332430371347,-1.913963144645006"
1.05,936,Human,1,499,315,105,-1.05,"-0.3855248939028454,-1.05,-0.7558632668330111,-0.8286374448987658"
5.883333333333334,937,Human,2,500,106,1182,-5.883333333333334,"-2.8781273655144624,-3.335446779961307,-5.883333333333334,-3.3895444034875144"
4.083333333333333,938,Human,2,501,148,394,-4.083333333333333,"-2.0849788173983117,-2.085458779001383,-4.083333333333333,-3.1780363679478856"
4.8,939,Human,1,502,19,818,-4.8,"-2.915463423047628,-4.8,-3.0294090012789203,-2.9159433846506992"
3.0,940,Human,2,503,352,518,-3.0,"-2.1305550860182656,-2.1776033221593747,-3.0000000000000004,-2.4741835957374883"
4.466666666666667,941,Human,3,241,19,578,-4.466666666666667,"-2.9956483695964415,-2.9961283311995137,-3.5070654075694936,-4.466666666666667"
3.0,942,Human,2,50,353,360,-3.0,"-1.358790341190472,-1.4727359194217644,-3.0000000000000004,-1.3592703027935438"
17.183333333333334,943,Human,3,504,351,233,-17.183333333333334,"-2.575113263812057,-2.081884793518252,-3.163636208979144,-17.183333333333334"
3.9,944,Human,1,106,335,429,-3.9,"-2.374413199152596,-3.9000000000000004,-2.4052387331098792,-2.3750732003578996"
4.066666666666666,945,Human,1,464,19,1337,-4.066666666666666,"-2.0290171149821195,-4.066666666666666,-2.398696016318695,-2.1811169469955582"
1.7333333333333334,946,Human,1,50,347,1542,-1.7333333333333334,"-0.7570065031052019,-1.7333333333333334,-1.049803621952741,-0.8709520813364945"
7.0,947,Human,3,394,115,923,-7.0,"-4.591890783048503,-4.782907189611128,-5.103307821021554,-7.000000000000001"
3.8666666666666667,948,Human,3,495,2,246,-3.8666666666666667,"-1.0144126188992515,-1.8432204670692076,-1.2099369769506076,-3.866666666666667"
1.6333333333333333,949,Human,1,50,347,1182,-1.6333333333333333,"-0.7570065031052019,-1.6333333333333333,-1.049803621952741,-0.8709520813364945"
1.8,950,Human,3,493,354,484,-1.8,"-0.8882529397648187,-0.8887329013678904,-1.0123827663543892,-1.8000000000000003"
2.3666666666666667,951,Human,3,330,347,1793,-2.3666666666666667,"-0.995235444789867,-1.1091810230211596,-1.3927944683993103,-2.366666666666667"
31.8,952,Human,2,487,355,604,-31.8,"-1.7895885751886722,-1.2963601048948674,-31.80000170671036,-1.7741186579201087"
3.0,953,Human,3,466,97,235,-3.0,"-1.8544865372354848,-1.878136645226845,-1.4446022901601243,-3.0000000000000004"
4.3,954,Human,2,74,92,774,-4.3,"-2.4837957347371673,-2.8911041545640312,-4.3,-2.7013623294095934"
2.35,955,Human,2,466,342,1479,-2.35,"-1.0953625942817733,-1.2007621623163305,-2.35,-1.5822773601881357"
2.966666666666667,956,Human,2,502,51,1390,-2.966666666666667,"-1.6537876921827048,-1.6665057239598502,-2.966666666666667,-1.8742340564735611"
4.3,957,Human,2,12,148,279,-4.3,"-2.196160295028961,-2.7075773330020136,-4.3,-2.9828671791258476"
2.1333333333333333,958,Human,3,72,350,1202,-2.1333333333333333,"-0.5890425428630776,-0.7800589494257025,-0.70298812109437,-2.1333333333333333"
4.566666666666666,959,Human,3,505,342,1412,-4.566666666666666,"-3.5726578176266903,-3.659312479491436,-3.5731377792297625,-4.566666666666666"
2.283333333333333,960,Human,2,12,51,483,-2.283333333333333,"-1.17162064249746,-1.1589026107203142,-2.283333333333333,-1.1892952285305771"
18.916666666666668,961,Human,2,496,19,1492,-18.916666666666668,"-2.6240406876023132,-2.2179161824091107,-18.916667519978155,-2.696814865668068"
2.1,962,Human,3,320,356,936,-2.1,"-1.3743207848423644,-1.38703881661951,-1.4910224979250055,-2.1000000000000005"
1.9,963,Human,3,12,356,1633,-1.9,"-0.968225864859983,-0.9809438966371288,-1.0849275779426242,-1.9000000000000001"
2.5833333333333335,964,Human,3,396,332,207,-2.5833333333333335,"-0.9056647122906428,-1.0110642803252,-1.3166606063286033,-2.5833333333333335"
5.283333333333333,965,Human,2,34,19,1039,-5.283333333333333,"-2.944740488458375,-3.4566374880344988,-5.283333333333333,-3.4561575264314266"
2.533333333333333,966,Human,3,465,356,815,-2.533333333333333,"-1.4370333878691863,-1.449751419646332,-1.512794376209807,-2.5333333333333337"
1.5666666666666667,967,Human,2,12,356,385,-1.5666666666666667,"-0.968225864859983,-0.9809438966371288,-1.5666666666666669,-1.0722095461654784"
5.833333333333333,968,Human,3,2,19,1120,-5.833333333333333,"-2.9315983291338923,-2.7483988057433786,-4.088284144570354,-5.833333333333334"
2.7333333333333334,969,Human,0,506,342,1410,-2.7333333333333334,"-2.733333333333334,-1.2787439237754137,-1.4521203499576154,-1.3841434918099706"
13.366666666666667,970,Human,2,37,19,1745,-13.366666666666667,"-2.328741606891359,-2.32922156849443,-13.366666666655746,-2.610733544884938"
2.45,971,Human,3,241,356,1298,-2.45,"-1.5560139246483329,-1.543295892871187,-1.6472795741766826,-2.45"
2.9,972,Human,3,74,356,1612,-2.9,"-0.6829973602111831,-1.4774298056155504,-1.0781497480201585,-2.9"
1.6166666666666667,973,Human,3,12,356,1704,-1.6166666666666667,"-0.968225864859983,-0.9809438966371288,-1.0849275779426242,-1.616666666666667"
1.6666666666666667,974,Human,1,507,357,1074,-1.6666666666666667,"-0.916066714662827,-1.666666666666667,-1.13491720662347,-1.1477813429601889"
1.1,975,Human,2,508,358,1674,-1.1,"-0.3850611951043916,-0.4890448764098871,-1.1,-0.5067194624430045"
3.0,976,Human,2,509,356,1144,-3.0,"-1.1992314586061732,-1.6869665526437885,-3.0000000000000004,-1.4180819505668163"
2.466666666666667,977,Human,2,50,356,59,-2.466666666666667,"-1.5663017402785446,-1.5535837085013993,-2.466666666666667,-1.733868334950971"
2.466666666666667,978,Human,1,510,51,1475,-2.466666666666667,"-1.605094031853202,-2.466666666666667,-1.8239445238138452,-1.8112264920366992"
2.7333333333333334,979,Human,2,394,359,33,-2.7333333333333334,"-1.5086340367680549,-1.7915064444348698,-2.733333333333334,-1.981085875919487"
3.3833333333333333,980,Human,3,511,2,488,-3.3833333333333333,"-1.821322218929059,-0.9925143707591028,-2.0494959650293705,-3.3833333333333337"
2.966666666666667,981,Human,2,497,347,676,-2.966666666666667,"-0.805482192877151,-0.9194277711084436,-2.966666666666667,-0.874389755902361"
3.433333333333333,982,Human,3,115,360,783,-3.433333333333333,"-1.8045386044986744,-1.8301368207470168,-1.9955550110612996,-3.433333333333333"
2.1666666666666665,983,Human,1,481,361,1266,-2.1666666666666665,"-1.0410063809541097,-2.166666666666667,-1.044107621450308,-1.5574882796891258"
2.9,984,Human,1,512,50,1111,-2.9,"-1.304543098736975,-2.9,-1.3047231707657865,-1.827639810423809"
2.0833333333333335,985,Human,1,72,362,419,-2.0833333333333335,"-0.9771408347356222,-2.083333333333334,-0.977620796338694,-1.008050361973443"
2.4166666666666665,986,Human,3,513,2,1413,-2.4166666666666665,"-1.016247780609724,-1.6438388170242897,-1.031713967084314,-2.4166666666666665"
2.816666666666667,987,Human,3,472,245,1181,-2.816666666666667,"-1.4804513742141925,-1.588622720506489,-1.5943969524454848,-2.816666666666667"
1.1833333333333333,988,Human,3,514,97,1124,-1.1833333333333333,"-0.4529720743589012,-0.4564934829223265,-0.5611434206511978,-1.1833333333333336"
3.2333333333333334,989,Human,2,224,347,317,-3.2333333333333334,"-1.0719080576795152,-1.73589365191721,-3.2333333333333334,-1.1800794039718117"
3.9833333333333334,990,Human,3,130,347,1101,-3.9833333333333334,"-1.535033106115016,-2.034273095487295,-1.640432674149573,-3.983333333333334"
6.633333333333334,991,Human,3,130,97,822,-6.633333333333334,"-1.9989789778402365,-1.5890947307648762,-1.6146929470132183,-6.633333333333335"
3.3666666666666667,992,Human,2,464,347,1206,-3.3666666666666667,"-1.5780136676700915,-2.308921419917637,-3.3666666666666667,-1.6834132357046483"
4.116666666666666,993,Human,3,515,356,824,-4.116666666666666,"-2.6276939285433385,-2.6149758967661927,-2.7316776098488345,-4.116666666666666"
2.3666666666666667,994,Human,2,396,97,146,-2.3666666666666667,"-2.0914207479662523,-1.6815365008908922,-2.366666666666667,-1.7071347171392346"
3.1,995,Human,0,396,97,1271,-3.1,"-3.1000000000000005,-1.6815365008908922,-1.7869360689254492,-1.7071347171392346"
3.9833333333333334,996,Human,3,516,347,296,-3.9833333333333334,"-2.4832220433169665,-2.5644075484765536,-2.591393389609263,-3.983333333333334"
2.716666666666667,997,Human,0,517,50,1079,-2.716666666666667,"-2.716666666666667,-1.3274728465900398,-1.5008492727722416,-1.4328724146245968"
3.95,998,Human,3,130,347,1018,-3.95,"-1.535033106115016,-2.034273095487295,-1.640432674149573,-3.95"
5.0,999,Human,1,464,363,168,-5.0,"-2.938583263056621,-5.0,-2.297031253105994,-2.3226294693543363"
